-0.868507
0.977446
1.91544
2.10434
-1.14032
-0.103014
-0.391636
0.0525394
2.84938
0.272031
-0.903892
-0.276851
0.871539
0.757781
-2.80238
-1.39568
-1.98439
0.298017
-4.01196
0.0513082
1.84349
0.107885
0.782298
-1.29719
2.83295
2.38738
0.152381
1.06319
-2.10204
0.142899
1.41417
0.229111
0.409437
-1.06981
3.08479
0.0875805
-1.47887
-0.0828716
1.30512
0.424701
1.0012
-1.16171
-3.80453
-0.253309
0.716057
0.946231
0.9248
-4.171
2.48092
-0.28907
-2.6718
-2.42402
0.635621
-0.726554
-1.13879
-1.39715
-0.504034
-0.225448
-0.637705
2.3321
-1.36612
0.735182
-0.293036
-1.35079
1.31552
break
-1.34849
1.09434
1.11695
1.58883
-1.09861
-0.669454
-1.39046
0.312365
2.54428
-0.121028
-0.586282
0.355834
1.46673
-0.178081
-3.21868
-1.66521
-1.36779
0.565726
-2.45314
2.23855
1.80061
0.785048
1.51741
-1.05502
2.03019
1.05374
0.134155
1.45212
-1.51985
-1.14144
1.72019
1.62993
-0.147081
-0.621086
3.28784
-0.413716
-1.84606
0.909027
0.040324
1.86588
1.38062
-1.68227
-4.83953
-0.492864
-0.463486
0.500961
2.19914
-3.83376
2.5527
0.162648
-2.09911
-1.58417
0.286874
-0.759074
-0.606859
-3.61254
0.00390538
0.520423
-1.06619
2.66823
-1.10145
1.04666
-0.474465
-1.62462
0.400726
break
-1.30347
0.546938
0.978284
1.14881
-1.31227
-0.144209
-0.319994
0.0196276
3.79887
-0.0747689
-0.493232
0.187915
1.10603
0.072206
-3.35304
-1.53087
-0.769576
0.583617
-2.59097
0.949661
1.83852
1.03035
1.37487
-1.69499
2.05199
1.54572
0.41186
1.83484
-0.885569
-0.720567
1.82833
2.30414
-0.417445
-0.175338
2.63639
-0.69123
-1.80206
0.857156
0.881301
1.57882
1.25954
-1.92386
-3.98226
0.0368932
-0.904901
-0.166118
2.09289
-4.05033
2.47234
-0.0774937
-3.13474
-2.02701
0.672326
-1.04306
-0.917369
-2.48053
0.569963
0.0448781
-0.704754
2.7574
-0.569744
1.43415
-0.165555
-1.8421
0.929767
break
-1.3116
0.51449
0.929382
1.17222
-1.18167
-0.230517
-0.410989
-0.114312
3.62624
-0.0884145
-0.567596
0.26111
1.0195
-0.0107112
-3.48299
-1.66063
-0.643419
0.581914
-2.68895
0.961755
1.84464
0.999224
1.37991
-1.72892
1.96132
1.60066
0.496019
2.05022
-0.881624
-0.760869
1.84339
2.32083
-0.344551
-0.162433
2.56756
-0.593163
-1.78885
0.842129
0.925685
1.67227
1.09049
-2.03184
-3.99146
-0.0116977
-0.903223
-0.202141
2.0858
-4.0995
2.40892
-0.118352
-2.97441
-1.98048
0.71059
-1.17775
-0.912769
-2.42683
0.586156
-0.0169159
-0.764146
2.69241
-0.579663
1.35895
-0.248714
-1.80055
0.948423
break
-1.20406
0.54235
1.69818
1.39064
-1.22792
0.294126
-0.994635
0.0715722
3.29217
-0.0133231
-0.758255
0.0955477
0.623388
1.10618
-2.5505
-1.53317
-1.44483
0.508107
-3.59835
0.571761
1.66777
0.0545979
0.979031
-1.58116
2.6276
1.65982
-0.447306
1.23077
-2.40943
-0.0590769
1.6853
0.0977665
0.10965
-1.44508
3.56911
-0.371878
-1.61634
0.361468
1.73414
0.254808
0.647702
-1.10992
-3.87094
-0.580585
0.446739
1.15838
1.29996
-3.81234
2.69416
-0.326351
-2.34439
-2.06299
0.932284
-0.825285
-1.50471
-1.70698
-0.0702314
0.0724051
-0.436613
2.48549
-1.34724
0.949511
-0.333415
-1.22929
1.1314
break
-1.23622
0.547275
1.04476
1.18719
-1.09699
-0.00736928
-0.533804
0.1265
3.74139
-0.0305184
-0.421193
0.106553
1.03471
0.127965
-3.31991
-1.55835
-0.95394
0.676324
-2.70206
0.959582
1.65108
1.01577
1.68306
-1.80188
2.05118
1.39065
0.502746
1.783
-0.942776
-0.878261
2.02904
2.23206
-0.562996
0.0683106
2.57046
-0.868557
-1.80116
0.998138
0.748264
1.77525
1.40339
-1.96943
-4.07327
0.173993
-0.814824
-0.161647
2.17201
-4.09534
2.44756
-0.219497
-3.28992
-1.93291
0.609569
-0.947279
-0.969155
-2.57039
0.777876
-0.0989307
-0.838062
2.82783
-0.478619
1.56739
-0.260226
-1.78863
0.850316
break
-0.999871
0.0152558
1.77628
1.55757
-1.11567
-0.380009
-0.752513
0.541698
3.03532
0.51489
-1.14266
0.139863
0.56139
0.754203
-2.36476
-1.82219
-2.27845
0.648427
-3.9762
0.420933
1.69658
0.622502
0.853624
-1.45002
2.75343
1.75915
0.272558
1.41452
-2.63842
0.156185
1.51021
-0.462167
0.40304
-0.747721
3.74737
-0.337292
-1.74416
0.479949
1.74654
0.493565
0.453001
-0.914358
-4.41693
-0.439625
0.459502
1.18486
1.16481
-4.33155
2.62446
-0.450537
-3.08146
-2.29439
0.874158
-0.529761
-1.45178
-1.5018
-0.0603337
-0.076968
-0.531143
2.07756
-1.72654
1.30542
-0.727361
-1.73895
1.37063
break
-0.780266
0.647826
1.80732
1.3817
-1.09648
0.329809
-0.775863
0.614013
3.05409
-0.128897
-1.53081
-0.194814
0.808399
0.437447
-2.29321
-2.10415
-1.89351
0.447983
-3.94706
0.587215
1.79996
0.872891
1.01112
-1.5334
3.25692
1.72855
0.151552
1.15586
-2.65739
0.155506
1.8735
-0.267823
0.184998
-1.05986
3.84037
-0.314594
-1.67399
0.815691
1.73182
0.274806
0.423452
-0.734527
-4.17793
-0.656535
0.299078
1.08925
0.791844
-3.92424
2.30086
-0.488697
-2.83616
-2.08763
0.754311
-0.627564
-1.62477
-1.8828
0.167305
-0.169497
-0.872367
2.43775
-1.62273
1.23473
-0.495474
-1.38442
2.09867
break
-0.976518
0.992886
1.88583
2.07603
-1.20653
0.0357891
-0.377331
0.0235108
2.73278
0.308974
-0.902344
-0.0688492
0.779991
0.67524
-2.88681
-1.35658
-1.97623
0.373728
-3.95478
0.0514156
1.7773
0.215512
0.549331
-1.28024
2.80194
2.44454
0.0755593
1.02155
-2.05049
0.247799
1.34742
0.160304
0.324763
-0.944025
3.01428
0.0992673
-1.41041
-0.179689
1.35884
0.592432
0.940312
-1.27785
-3.82445
-0.149222
0.70158
0.947917
0.920567
-4.15001
2.44547
-0.316445
-2.6885
-2.39341
0.619398
-0.604358
-1.20802
-1.33058
-0.574565
-0.295598
-0.659907
2.39637
-1.35837
0.744112
-0.392619
-1.23505
1.35013
break
-1.30317
0.63596
1.87579
1.56142
-0.941074
-0.164651
-0.674573
0.475638
3.10072
0.340136
-1.31829
0.000734216
0.921038
1.14121
-2.55012
-1.78867
-1.49594
0.755909
-3.59996
0.988117
2.09352
0.588714
1.08285
-1.51511
2.94572
1.27247
-0.455013
1.23302
-2.25726
0.0689007
1.54757
0.162218
-0.144658
-1.08558
3.90554
-0.672253
-1.4596
0.63126
1.65124
0.220158
0.535989
-1.17913
-4.08682
-0.262272
0.491619
1.41268
0.99644
-3.71386
2.53742
-0.845439
-2.54225
-2.4454
0.759703
-0.816641
-1.18101
-1.62042
0.200018
-0.0620467
-0.726678
2.31437
-1.53705
1.0451
-0.587523
-1.11242
1.47701
break
-1.11475
0.104263
1.83982
1.60352
-1.06545
-0.162189
-0.88839
0.576999
3.02466
0.40698
-1.15047
0.0579233
0.643144
0.661168
-2.31939
-1.86947
-2.18878
0.474043
-3.98498
0.454496
1.78435
0.474248
1.04554
-1.62002
2.88217
1.78595
0.146654
1.31935
-2.54534
0.103449
1.60035
-0.390981
0.362951
-0.825727
3.73754
-0.463844
-1.67041
0.432167
1.81848
0.453945
0.505762
-0.912455
-4.33243
-0.492198
0.386831
0.993465
1.08738
-4.31687
2.51976
-0.458539
-3.06582
-2.056
1.10706
-0.798236
-1.27939
-1.59399
-0.0363682
-0.126874
-0.497907
2.16499
-1.4541
1.19599
-0.693678
-1.58715
1.41831
break
-0.929386
0.285324
2.15912
1.21958
-0.987593
0.161134
-0.606407
0.417637
3.57154
0.74981
-0.666307
0.486112
0.847461
0.266474
-2.76639
-1.65239
-1.41177
1.29576
-3.90312
0.791719
1.07072
0.54775
0.899857
-1.62233
2.97645
1.81433
0.58172
1.57846
-2.21603
0.485498
1.54173
0.347199
0.195072
-0.892128
3.49133
-0.322558
-0.830196
-0.274301
0.786497
-0.41181
0.298609
-1.49651
-4.05196
-0.0696355
-0.0306754
0.731535
1.49953
-3.65282
2.71866
-0.0274782
-3.27486
-1.77704
0.462421
-1.04448
-1.30494
-1.74168
-0.288887
-0.485489
-1.21303
2.57253
-1.82609
1.04219
0.145677
-1.30218
1.68126
break
-1.61754
1.2315
0.56274
1.13191
-0.347265
-1.08383
-1.70793
0.239083
2.80929
-0.637794
-1.17307
-0.569447
1.50351
-0.688019
-3.07019
-1.77686
-1.28682
0.612986
-2.38455
1.44757
1.81516
1.201
1.2019
-0.855025
2.09431
1.56368
0.000509863
1.28807
-0.895021
-0.271225
1.80803
1.42681
0.307553
-0.747468
3.25085
-0.286925
-2.10867
1.24835
0.301679
1.83979
0.988493
-1.34959
-4.88383
-1.07082
-0.835973
-0.00647913
2.57916
-4.11573
2.38885
0.976281
-2.08665
-1.18924
0.639285
-1.03666
-0.975349
-2.71119
0.450794
-0.538484
-0.79778
2.89026
-0.225237
1.40608
-0.150436
-1.79143
0.387171
break
-1.00939
0.910736
1.87599
1.95777
-1.19361
0.125903
-0.316244
0.115366
2.70923
0.288491
-0.754558
0.0166466
1.02743
0.696566
-2.83731
-1.35757
-2.15694
0.401276
-4.0363
0.135582
1.83365
0.0340988
1.13031
-1.36447
2.81292
2.37518
0.12796
0.834952
-2.0068
0.265096
1.38494
0.0682851
0.309525
-0.887889
3.33009
-0.0698328
-1.38794
-0.0523607
1.33074
0.34985
0.777985
-1.00788
-3.70319
-0.270327
0.501538
0.863087
1.02699
-3.99522
2.45069
-0.217181
-2.68981
-2.43183
0.579574
-0.567016
-1.38213
-1.37647
-0.47739
-0.319431
-0.802138
2.35992
-1.42588
0.956563
-0.435114
-1.05208
1.33833
break
-1.07432
-0.00934435
1.78929
1.56006
-1.12071
-0.163059
-0.894091
0.640255
3.06884
0.549869
-1.20571
0.0425897
0.587414
0.673467
-2.35196
-1.84855
-2.21921
0.66443
-3.91837
0.412895
1.69415
0.516945
0.885801
-1.50409
2.80439
1.7982
0.314483
1.37029
-2.58149
0.0548624
1.49813
-0.442923
0.377027
-0.797941
3.76059
-0.392864
-1.65239
0.405971
1.78886
0.496414
0.489165
-0.937668
-4.24946
-0.582875
0.432626
1.11567
1.21263
-4.40902
2.56707
-0.504744
-3.1701
-2.15442
0.921781
-0.702565
-1.25657
-1.53773
-0.0599567
0.0546409
-0.376108
2.17102
-1.52596
1.24014
-0.715741
-1.67249
1.33991
break
-1.28358
0.558746
1.00385
1.13574
-1.37663
-0.0891459
-0.330785
-0.0806427
3.83916
-0.14639
-0.334348
0.199341
1.17156
-0.100733
-3.39555
-1.54997
-0.604048
0.590237
-2.46363
0.797202
1.8615
1.04973
1.30882
-1.70233
1.90258
1.43678
0.477174
1.79862
-1.00554
-0.798607
1.93437
2.24633
-0.347854
-0.179004
2.5644
-0.715459
-1.83939
0.817391
0.862722
1.69837
1.2629
-1.96172
-3.99129
0.0944635
-0.983708
-0.101546
1.97615
-4.03352
2.56137
-0.170672
-3.22162
-2.04348
0.830978
-1.06507
-0.862915
-2.46979
0.564286
0.0268781
-0.557695
2.97454
-0.443006
1.41856
-0.217791
-1.76446
0.875598
break
-1.28979
0.52182
1.69946
1.36501
-1.24391
0.265837
-0.933943
0.00875322
3.18794
-0.0388421
-0.949227
-0.00759576
0.752976
1.08689
-2.62065
-1.5186
-1.43428
0.529099
-3.61918
0.516124
1.57002
0.218417
1.0572
-1.42878
2.68454
1.6345
-0.439605
1.33215
-2.32106
-0.0849638
1.64732
-0.0103444
-0.000920946
-1.2714
3.59419
-0.413647
-1.70162
0.351475
1.80388
0.177054
0.517249
-1.13299
-3.73032
-0.701132
0.557299
1.10823
1.36448
-3.88018
2.6256
-0.324871
-2.50027
-2.06028
1.05275
-0.886086
-1.56247
-1.64063
-0.0267417
0.225827
-0.592389
2.50255
-1.32133
0.9638
-0.280885
-1.21917
1.11715
break
-1.37602
1.14821
1.18726
1.74748
-0.86244
-0.57418
-1.38378
0.451614
2.73812
-0.0371589
-0.493413
0.58247
1.92563
0.136907
-3.0339
-1.80452
-1.34625
0.556862
-2.33681
2.21427
1.81497
0.964575
1.66841
-1.01111
1.8125
0.934868
0.341363
1.49657
-1.57873
-1.2151
1.90165
1.18178
-0.302731
-0.573662
3.40247
-0.359217
-1.87609
0.995281
0.313998
1.69448
1.68708
-1.76659
-5.13294
-0.240407
-0.459962
0.521212
2.33179
-3.96644
2.69623
0.0564938
-2.15277
-1.62606
0.340924
-0.686828
-0.681095
-3.40182
-0.0599642
0.402791
-0.842479
2.60388
-1.26558
1.20824
-0.41904
-1.56095
0.338734
break
-1.27835
0.00149079
1.79561
1.55146
-1.07358
-0.162734
-1.05378
0.638834
2.95038
0.365962
-1.12178
0.152378
0.569098
0.609057
-2.19822
-1.76073
-2.24568
0.479739
-3.9435
0.51292
1.81165
0.48495
1.09656
-1.62318
3.0655
1.92362
0.180751
1.31382
-2.56029
0.211606
1.66002
-0.491863
0.485955
-0.738738
3.85635
-0.338207
-1.69001
0.529043
1.71635
0.406746
0.501527
-0.895806
-4.40382
-0.467396
0.346191
1.06347
1.1289
-4.44919
2.54238
-0.46532
-2.82511
-2.19575
1.1166
-0.787523
-1.2966
-1.69524
-0.0618486
-0.133246
-0.571623
2.15769
-1.4474
1.14124
-0.675513
-1.56243
1.27201
break
-1.21064
1.07764
1.74624
2.04872
-1.15154
0.0865106
-0.278656
0.0502822
2.96135
0.341269
-0.925346
0.152962
1.07793
0.882388
-2.80046
-1.56698
-2.28259
0.394209
-3.77402
0.374654
1.63006
-0.0795242
1.00482
-1.19855
2.98264
2.22672
0.348006
0.907979
-2.40228
-0.0509713
1.50211
0.332408
0.270871
-1.1696
3.26065
0.0595596
-1.33029
-0.00970944
1.75979
0.510504
0.699378
-1.18612
-3.67875
-0.0978747
0.650108
0.964439
0.970178
-3.99076
2.43412
-0.245567
-2.86554
-2.50441
0.62831
-0.447286
-1.28539
-1.71256
-0.39826
-0.0578068
-0.792374
2.28577
-1.29411
1.28826
-0.294979
-1.31583
1.48511
break
-1.45874
1.15059
1.13101
1.60418
-0.922087
-0.6194
-1.43893
0.386043
2.66326
-0.0525489
-0.494995
0.424425
1.57451
-0.0349469
-3.13657
-1.73633
-1.36525
0.561657
-2.41804
2.2254
1.72988
0.825647
1.55235
-1.05131
1.97489
0.938536
0.157012
1.49004
-1.43983
-1.14555
1.74424
1.45087
-0.165576
-0.649236
3.24407
-0.405868
-1.85852
1.01543
0.169302
1.82552
1.46397
-1.64949
-4.97226
-0.46994
-0.420891
0.566108
2.30302
-3.71646
2.66142
0.136474
-2.17683
-1.628
0.377175
-0.679335
-0.587163
-3.54017
0.0340835
0.458933
-0.962077
2.75786
-1.11082
1.18339
-0.507435
-1.54498
0.382001
break
-1.03099
0.235129
2.01518
1.292
-0.937686
0.282164
-0.597727
0.323377
3.50046
0.781154
-0.669988
0.452475
0.79374
0.459771
-2.77795
-1.70368
-1.30687
1.2344
-3.73401
0.801065
1.10993
0.535889
0.812847
-1.60986
2.94211
1.73494
0.670445
1.55822
-2.15914
0.406543
1.51646
0.316212
0.107132
-0.826839
3.48725
-0.347408
-0.754826
-0.337277
0.747195
-0.410145
0.225505
-1.43575
-4.13688
-0.11123
-0.0347987
0.728409
1.48461
-3.67798
2.90731
-0.081736
-3.38481
-1.68162
0.444466
-0.954045
-1.3023
-1.70606
-0.218426
-0.377006
-1.26095
2.66424
-1.87845
1.04773
0.218576
-1.41591
1.68084
break
-1.14043
1.16414
1.56626
2.06721
-1.13769
0.109586
-0.516932
0.00786201
2.909
0.352108
-0.890854
0.12295
1.03851
0.993621
-2.82551
-1.65398
-2.37096
0.509744
-3.86821
0.331272
1.61287
-0.156764
1.10307
-1.29338
2.98773
2.40904
0.375426
0.914717
-2.29782
-0.0992384
1.44702
0.310949
0.333542
-1.26401
3.31518
0.0219079
-1.25465
-0.00428079
1.65952
0.398628
0.721561
-1.18889
-3.79113
-0.0587925
0.62838
0.928894
1.13614
-3.98282
2.34674
-0.287793
-2.86463
-2.5107
0.594317
-0.524174
-1.29157
-1.73692
-0.323895
-0.170105
-0.918878
2.39573
-1.19144
1.37128
-0.299412
-1.33559
1.37367
break
-0.926789
0.561839
1.78681
1.49572
-1.03451
0.294392
-0.639428
0.477131
3.00594
-0.149044
-1.60314
-0.144189
0.755979
0.403568
-2.2676
-2.05174
-1.9485
0.379149
-3.93406
0.544782
1.73001
0.720741
1.08296
-1.55597
3.22422
1.65772
0.110548
1.09809
-2.70504
0.0689131
1.79328
-0.169957
0.183501
-1.07195
3.82396
-0.32292
-1.64474
0.738899
1.73725
0.218463
0.350886
-0.717195
-4.22684
-0.7892
0.255057
1.14411
0.829333
-3.96444
2.34654
-0.571692
-2.95003
-2.15945
0.777293
-0.740764
-1.68652
-1.96484
0.0838135
-0.258225
-0.756734
2.48992
-1.63678
1.21996
-0.479706
-1.43084
2.04235
break
-1.00497
0.875227
1.90866
1.94292
-1.16485
0.111009
-0.295358
0.0224492
2.8352
0.269213
-0.972533
0.0109676
0.933081
0.718075
-2.87266
-1.45117
-2.12597
0.403151
-4.06119
0.145461
1.78391
0.0852837
1.1305
-1.47231
2.71776
2.39982
0.203874
0.883087
-2.0684
0.128634
1.35988
0.14918
0.286861
-1.00297
3.33872
-0.0140774
-1.39015
-0.0273015
1.42875
0.453156
0.838986
-1.14169
-3.79725
-0.217367
0.569164
0.902457
1.09528
-4.08121
2.48367
-0.32882
-2.71487
-2.41709
0.606598
-0.67702
-1.2532
-1.45228
-0.48425
-0.221533
-0.783294
2.30127
-1.4015
0.923905
-0.372892
-1.18106
1.39133
break
-1.81786
0.792802
0.0833761
1.61847
-0.525786
-0.92507
-1.2853
0.278122
3.10512
-0.420251
-1.00497
-0.566345
1.32506
-0.568392
-2.88339
-1.99903
-1.27048
0.362556
-2.32537
1.24838
1.55269
1.0492
1.25172
-0.842264
1.93514
0.993098
0.215158
1.3482
-1.06831
-0.286384
1.82324
1.59321
-0.298347
-0.694599
3.26876
-0.435573
-1.77824
1.18926
0.503923
1.7783
0.887709
-1.83703
-4.8823
-0.574506
-1.04459
-0.201441
2.58798
-3.96975
2.55933
0.53867
-2.52871
-1.20841
0.485788
-0.937399
-1.06204
-2.6995
0.391044
-0.464506
-0.644972
2.89265
-0.231882
1.40724
0.00680845
-1.55428
0.389108
break
-1.21577
0.592029
0.901072
1.10623
-1.17939
0.05331
-0.528752
0.101352
3.68135
-0.00578017
-0.41771
0.181856
1.07549
0.00793411
-3.3254
-1.64417
-0.791987
0.592516
-2.69631
1.03785
1.77565
1.07693
1.54173
-1.85081
2.00546
1.49023
0.365443
1.92072
-0.898934
-0.739364
1.89955
2.32114
-0.535739
-0.157685
2.64339
-0.844397
-1.81891
0.938979
0.789405
1.69335
1.32183
-1.99868
-4.06536
0.134592
-0.85641
-0.181192
2.09239
-4.1127
2.42255
-0.187975
-3.18349
-1.96707
0.581059
-1.10462
-0.914448
-2.51749
0.701803
0.00668014
-0.813574
2.71985
-0.47596
1.41038
-0.252671
-1.67596
0.97499
break
-1.30165
-0.0680964
1.718
1.53484
-1.27008
-0.312146
-0.935099
0.684128
2.86245
0.492436
-0.89475
-0.0670687
0.573542
0.762106
-2.18573
-1.84475
-2.19033
0.333204
-3.90592
0.519384
2.11978
0.504332
1.11656
-1.46366
3.0111
1.9235
0.274772
1.21199
-2.70204
0.268862
1.73395
-0.479457
0.542439
-0.793079
3.66954
-0.264476
-1.76878
0.541727
1.39365
0.3223
0.651038
-0.994483
-4.37991
-0.45655
0.36481
1.12747
1.19277
-4.53983
2.46744
-0.370971
-2.82301
-2.12141
1.28892
-0.72413
-1.45878
-1.66681
0.109395
-0.206262
-0.426784
2.2938
-1.46963
1.04496
-0.813947
-1.52261
1.24148
break
-1.07891
1.18123
1.93557
1.99158
-1.11121
0.217569
-0.2854
0.187842
2.79187
0.285268
-0.77301
0.130141
0.989493
0.743386
-2.82583
-1.49588
-1.86636
0.345777
-3.96142
0.287781
1.76831
0.0523549
1.137
-1.1477
2.83856
2.48712
0.107626
0.77506
-2.02254
0.179348
1.48123
-0.0135008
0.515361
-0.908049
3.25641
-0.211607
-1.26842
-0.00219098
1.37056
0.332919
0.756607
-0.84827
-3.66402
-0.306187
0.558952
0.725828
1.1521
-3.9016
2.51491
-0.149423
-2.63046
-2.56949
0.594109
-0.582285
-1.43065
-1.50887
-0.622716
-0.281253
-0.6478
2.38085
-1.338
0.947416
-0.461194
-1.03197
1.33246
break
-1.08105
0.763902
1.8926
1.84871
-1.08615
-0.0889178
-0.408999
0.0725058
2.82655
0.359251
-0.834465
0.0929574
0.964975
0.697362
-2.80401
-1.68028
-2.01302
0.670912
-4.14231
0.116441
1.68529
0.0951728
1.05224
-1.36473
2.86498
2.17515
0.196057
0.996903
-1.98762
0.0846741
1.48012
0.126746
0.261138
-1.14433
3.25781
-0.0472862
-1.30687
0.00162375
1.44561
0.393254
0.70288
-1.07783
-3.85354
-0.206625
0.537304
0.93024
1.08067
-4.09809
2.36729
-0.295982
-2.75055
-2.49193
0.703391
-0.530398
-1.32496
-1.4392
-0.382151
-0.38402
-0.659699
2.24443
-1.51067
1.02251
-0.505968
-1.18714
1.27631
break
-1.54683
1.35528
1.26528
1.42601
-0.76595
-0.757567
-1.49414
0.570985
2.5317
0.07473
-0.751524
0.397484
1.4317
0.0152962
-3.26358
-1.86444
-1.32251
0.574425
-2.62574
2.03907
1.82788
0.950437
1.81872
-1.01884
1.96283
1.22252
0.217446
1.52161
-1.57809
-1.31146
1.64876
1.66596
-0.0788509
-0.738327
3.24001
-0.440092
-1.87024
1.10662
0.33846
1.88673
1.71803
-1.42699
-4.95767
-0.400381
-0.481828
0.681764
2.26561
-3.6577
2.64747
0.0787768
-2.34786
-1.80135
0.504088
-0.679194
-0.659614
-3.36585
0.0842557
0.485452
-1.09198
2.58435
-1.03506
1.17428
-0.562516
-1.50956
0.236935
break
-1.39634
1.16709
1.14996
1.58764
-0.84634
-0.469061
-1.63195
0.419573
2.66004
-0.0315522
-0.462594
0.64953
1.75874
0.0456698
-3.12734
-1.72354
-1.39102
0.601704
-2.42798
2.38599
1.70534
0.920392
1.61822
-1.06301
1.83166
0.863814
0.321407
1.57798
-1.48032
-1.1617
1.79031
1.35821
-0.209664
-0.665915
3.42008
-0.40093
-1.79946
1.03255
0.137259
1.74163
1.4959
-1.6192
-5.09451
-0.358018
-0.369353
0.476824
2.40416
-3.84891
2.71688
0.11396
-2.18774
-1.62097
0.318611
-0.767575
-0.644751
-3.48161
-0.00963529
0.395447
-0.904111
2.76087
-1.15849
1.28451
-0.490305
-1.49282
0.391395
break
-1.09012
0.151196
1.8341
1.72829
-1.1086
-0.282383
-0.997543
0.613155
3.08617
0.355326
-1.18742
0.191229
0.737561
0.711245
-2.16206
-1.98944
-2.23111
0.395912
-3.91616
0.476715
2.05028
0.471538
1.08684
-1.56302
2.8989
1.75359
-0.0171087
1.25609
-2.54161
0.056046
1.50685
-0.360825
0.309773
-0.711563
3.76893
-0.440378
-1.66612
0.438896
1.64485
0.578532
0.470109
-0.89448
-4.36203
-0.524565
0.468219
1.13521
1.20568
-4.44216
2.49866
-0.452997
-3.09313
-1.85084
1.1784
-0.883672
-1.39991
-1.70794
-0.107007
-0.291075
-0.378186
2.18496
-1.62909
1.28022
-0.677179
-1.43192
1.36589
break
-1.45166
1.09126
1.10904
1.70166
-0.873316
-0.809867
-1.32172
0.482654
2.60087
0.109871
-0.475354
0.528986
1.52674
0.0444917
-3.21578
-1.82375
-1.37509
0.481444
-2.45722
2.16308
1.74735
0.767872
1.61117
-0.912101
1.98961
1.08116
0.221978
1.41105
-1.25944
-1.2076
1.72998
1.411
-0.195745
-0.640283
3.27578
-0.355456
-2.01487
1.1204
0.0460104
1.83646
1.40817
-1.60388
-4.9329
-0.374935
-0.483245
0.568055
2.35785
-3.76941
2.74207
0.132968
-2.28824
-1.59663
0.327206
-0.836712
-0.503248
-3.32363
0.0547178
0.335136
-0.924237
2.71255
-1.08313
1.35032
-0.58546
-1.50537
0.323588
break
-1.12924
0.808343
1.58554
1.47108
-1.07195
0.255605
-0.891736
0.434306
3.13619
-0.0724301
-0.820804
-0.285667
0.796934
1.01187
-2.80586
-1.35949
-1.64167
0.56962
-3.82765
0.881072
1.65211
0.299414
1.29705
-1.51061
2.7985
1.46031
-0.592169
1.3561
-2.15463
0.176803
2.02505
-0.135759
-0.0218592
-1.34274
3.27471
-0.0939798
-1.82162
0.242503
1.57857
0.239811
0.695395
-1.12689
-3.84422
-0.500837
0.448795
0.856509
1.38807
-3.96646
2.48882
-0.078428
-2.5393
-1.92355
0.975191
-0.889685
-1.43185
-1.59133
-0.272307
0.344003
-0.642391
2.20112
-1.47365
1.11779
-0.162079
-1.38506
1.16549
break
-1.14989
0.736178
1.94461
1.78508
-0.955955
-0.125124
-0.422333
-0.00849026
2.82471
0.231119
-0.834573
0.216322
0.993237
0.689501
-2.78308
-1.56577
-2.03718
0.774947
-4.13418
0.233309
1.60558
0.213655
1.0251
-1.38596
2.92653
2.22016
0.141981
1.09776
-1.91252
0.103395
1.45795
0.19328
0.271337
-1.01412
3.29735
-0.0201431
-1.148
0.0233996
1.58307
0.406422
0.809819
-1.1145
-3.7894
-0.215705
0.591142
0.857855
1.06693
-4.21419
2.34795
-0.353092
-2.74381
-2.49927
0.628091
-0.64282
-1.23275
-1.44827
-0.290306
-0.444146
-0.658574
2.32008
-1.68214
1.07448
-0.483137
-1.08526
1.34304
break
-1.62377
1.16963
0.551047
1.15212
-0.372221
-1.14548
-1.68032
0.28875
2.82005
-0.593189
-1.27694
-0.504209
1.4821
-0.737211
-3.11134
-1.75586
-1.21293
0.675868
-2.27403
1.42577
1.7975
1.05547
1.26848
-0.898229
1.98255
1.50941
0.0842782
1.22497
-0.965295
-0.35829
1.90118
1.31196
0.159448
-0.689868
3.33171
-0.195953
-2.05719
1.36778
0.27343
1.79446
0.929321
-1.35223
-4.90944
-1.02343
-0.902234
0.0217844
2.61874
-4.11613
2.22665
1.19147
-1.99792
-1.24512
0.518944
-1.01064
-1.01056
-2.87639
0.414359
-0.586168
-0.757287
2.86023
-0.249781
1.31687
-0.125292
-1.68012
0.428773
break
-1.41612
1.13208
1.12726
1.60772
-0.776172
-0.462927
-1.70416
0.376397
2.55251
-0.0882478
-0.296613
0.772625
1.83318
0.106603
-3.05861
-1.76737
-1.4785
0.479057
-2.3195
2.40767
1.72659
1.02317
1.68351
-1.05772
1.70819
0.819329
0.224822
1.56316
-1.53883
-1.18172
1.6539
1.40095
-0.156895
-0.45305
3.42847
-0.389524
-1.8728
1.0863
0.174922
1.73917
1.55074
-1.74751
-4.94166
-0.402746
-0.402622
0.522169
2.38869
-3.75108
2.78407
0.262005
-2.15475
-1.47599
0.47699
-0.628813
-0.579475
-3.49791
0.0607686
0.341595
-0.839606
2.7488
-1.17371
1.39103
-0.472793
-1.55467
0.370071
break
-1.44832
1.26154
1.24037
1.53699
-0.80741
-0.637224
-1.44756
0.414084
2.63231
-0.0173476
-0.700223
0.470473
1.45139
0.0259459
-3.06499
-1.81504
-1.45212
0.609622
-2.5106
2.13074
1.63126
0.852873
1.69592
-0.999221
2.04189
1.06828
0.155773
1.5294
-1.54994
-1.33019
1.73286
1.54387
-0.137593
-0.757059
3.25101
-0.445611
-1.9056
1.11893
0.228403
1.89685
1.52461
-1.64093
-4.96843
-0.427159
-0.464443
0.679617
2.24344
-3.63079
2.67262
0.0621005
-2.15418
-1.72972
0.435796
-0.69862
-0.636992
-3.44686
0.123047
0.389939
-1.07776
2.55667
-1.04187
1.18511
-0.705854
-1.48159
0.248561
break
-0.982734
0.98529
1.99699
1.90005
-1.22493
0.245469
-0.260435
0.0242848
2.84026
0.327511
-1.07961
-0.0756242
0.993952
0.826739
-2.79283
-1.48519
-2.0486
0.366874
-3.96095
0.0574963
1.94396
0.157738
1.22066
-1.47107
2.67557
2.25296
0.279162
0.917484
-2.16749
0.206311
1.38335
0.184636
0.138316
-1.00173
3.53193
0.0818974
-1.4327
-0.0700327
1.43314
0.459725
0.874879
-1.23331
-3.97937
-0.133199
0.675996
0.846441
1.07512
-3.97935
2.59679
-0.307259
-2.79646
-2.41101
0.754201
-0.660532
-1.25246
-1.60177
-0.437743
-0.178271
-0.796382
2.34505
-1.45293
0.898741
-0.356645
-1.12968
1.34711
break
-1.47044
1.04597
1.14044
1.7133
-0.815131
-0.809113
-1.41124
0.617708
2.6094
0.085704
-0.538292
0.51784
1.48526
0.150212
-3.21497
-1.79421
-1.22577
0.364528
-2.41777
2.19985
1.8469
0.740129
1.68982
-0.891601
1.9675
1.10896
0.279996
1.38586
-1.22906
-1.23978
1.76846
1.46976
-0.223133
-0.50269
3.29819
-0.452033
-2.03658
0.997213
0.05146
1.81684
1.38506
-1.66807
-4.99682
-0.456749
-0.557813
0.469244
2.25759
-3.74505
2.82013
-0.0246606
-2.34075
-1.57927
0.170524
-0.9111
-0.495708
-3.4014
0.18011
0.291543
-0.97174
2.81691
-1.07893
1.39374
-0.629708
-1.4628
0.383851
break
-1.14147
-0.000609578
1.85383
1.69458
-1.15967
-0.0928513
-1.02628
0.604947
2.97306
0.361143
-1.2457
0.184078
0.551189
0.620844
-2.10544
-1.73666
-2.2345
0.651016
-3.8941
0.48614
1.87496
0.432613
1.13057
-1.46592
3.0653
1.90497
0.100801
1.33756
-2.644
0.19062
1.78657
-0.429541
0.629691
-0.704481
3.91747
-0.31868
-1.81702
0.723263
1.67183
0.305985
0.350204
-0.879234
-4.48159
-0.469581
0.32706
1.06266
1.06023
-4.43816
2.65518
-0.436591
-2.89229
-2.17428
1.07201
-0.86072
-1.22231
-1.78866
0.0656195
-0.245613
-0.711191
2.22706
-1.32611
1.19027
-0.547424
-1.54262
1.47222
break
-0.978683
0.290239
2.1279
1.29412
-0.975079
0.163682
-0.615419
0.483035
3.50926
0.793177
-0.655638
0.390809
0.974313
0.320955
-2.8305
-1.8557
-1.37069
1.35499
-3.92011
0.80921
1.06186
0.564951
0.867162
-1.54977
3.07771
1.89945
0.561595
1.55441
-2.18243
0.586835
1.64113
0.157201
0.164666
-0.750906
3.5204
-0.311252
-0.836518
-0.267276
0.816855
-0.561229
0.243199
-1.49686
-3.95184
-0.0108627
-0.106365
0.78387
1.50381
-3.68395
2.70421
0.0376086
-3.32167
-1.8206
0.506112
-1.01759
-1.27436
-1.6823
-0.24745
-0.400207
-1.19276
2.56752
-1.83455
1.07807
0.270097
-1.31251
1.67242
break
-1.50026
1.32683
1.21956
1.49348
-0.836798
-0.64176
-1.32392
0.427901
2.49216
0.0140368
-0.720384
0.364058
1.45583
-0.0106956
-3.04535
-1.81114
-1.37199
0.603014
-2.63497
2.11606
1.68551
0.809658
1.65271
-0.981317
1.97968
1.2177
0.201497
1.51904
-1.58068
-1.28821
1.67911
1.54711
-0.225752
-0.803258
3.13918
-0.478429
-1.9648
1.01881
0.19957
1.98792
1.56078
-1.42576
-5.04802
-0.381041
-0.468397
0.657798
2.36001
-3.71276
2.74461
0.0520828
-2.23674
-1.77595
0.428727
-0.727842
-0.597504
-3.42396
0.111665
0.440846
-1.11334
2.65275
-0.979746
1.21391
-0.689652
-1.49411
0.245849
break
-1.32723
-0.00581417
1.67752
1.5466
-1.09006
-0.251608
-0.955835
0.652052
2.94265
0.43526
-0.95907
0.0339995
0.584479
0.700247
-2.15516
-1.76784
-2.23044
0.418514
-3.88896
0.566916
2.1875
0.507949
1.03856
-1.48952
2.93354
1.99273
0.104677
1.21167
-2.53316
0.226227
1.67589
-0.533093
0.505204
-0.749894
3.80462
-0.291091
-1.92337
0.517036
1.61132
0.315611
0.481094
-0.905578
-4.33598
-0.406401
0.326898
1.15324
1.10327
-4.41459
2.56384
-0.482716
-2.89382
-2.27861
1.31089
-0.753859
-1.30745
-1.67918
0.0375222
-0.120154
-0.554752
2.25612
-1.48256
1.18056
-0.810738
-1.61511
1.21677
break
-1.18045
0.843326
1.89401
1.9217
-1.04296
-0.00706008
-0.444418
-0.039578
2.83871
0.360965
-0.877823
0.000762138
0.900023
0.633283
-2.86795
-1.79969
-2.03327
0.651596
-4.14409
0.0355908
1.71275
0.0879615
0.939452
-1.34873
2.83565
2.14224
0.173668
0.888951
-2.08657
0.129628
1.49978
0.095822
0.320485
-1.11732
2.9601
-0.204502
-1.32811
-0.119497
1.39567
0.388695
0.709522
-0.954104
-3.85408
-0.166121
0.489611
0.836079
1.20164
-4.15407
2.39737
-0.238833
-2.67869
-2.46974
0.790707
-0.539409
-1.2286
-1.48499
-0.325393
-0.294542
-0.702905
2.36125
-1.45497
1.06181
-0.590571
-1.27282
1.29427
break
-1.13715
0.170133
2.08491
1.37033
-1.07416
0.074225
-0.602191
0.502147
3.55921
0.774512
-0.792158
0.348605
0.922368
0.341642
-2.94784
-1.94413
-1.30841
1.30519
-3.92138
0.884788
1.06495
0.655431
0.749114
-1.52487
3.18354
2.02201
0.598121
1.67148
-2.31865
0.659332
1.67265
0.0919224
0.169396
-0.726677
3.47954
-0.314086
-0.666457
-0.340908
0.937602
-0.590423
0.203973
-1.45632
-4.01142
0.114491
-0.197717
0.907031
1.60232
-3.52164
2.6212
0.0218381
-3.34842
-1.79623
0.522127
-1.2375
-1.21195
-1.79728
-0.12667
-0.471325
-1.12253
2.54067
-1.95236
1.20185
0.217176
-1.24537
1.66681
break
-1.47867
1.09531
1.26812
1.48137
-0.661391
-0.605989
-1.45623
0.338542
2.65781
-0.0760972
-0.916133
0.590622
1.47447
-0.0918304
-3.07343
-1.81046
-1.41484
0.752818
-2.5079
2.009
1.58037
0.769697
1.68192
-0.953776
1.96698
1.20498
0.224824
1.615
-1.53564
-1.37122
1.61186
1.48237
-0.151161
-0.792402
3.1922
-0.423938
-1.88946
1.11038
0.120709
1.96324
1.52028
-1.62109
-4.96656
-0.460622
-0.523896
0.612826
2.18163
-3.71748
2.68836
0.0782188
-2.12932
-1.68728
0.495376
-0.575615
-0.661203
-3.45528
0.182556
0.396868
-1.08991
2.55499
-0.941908
1.1996
-0.789041
-1.61423
0.189004
break
-1.27594
1.16696
1.26134
1.82601
-0.768686
-0.556162
-1.38165
0.337263
2.69066
0.0725365
-0.52027
0.630126
1.83917
0.159795
-3.10569
-1.74295
-1.38605
0.523048
-2.38889
2.31776
1.68941
1.01711
1.60978
-0.992226
1.76785
0.972706
0.326663
1.48321
-1.62064
-1.2011
1.89816
1.16062
-0.464019
-0.533119
3.42066
-0.369978
-1.93949
0.948072
0.229905
1.81478
1.67271
-1.73267
-5.00791
-0.305141
-0.517804
0.763888
2.31027
-4.03006
2.73741
0.223615
-2.17021
-1.69918
0.316424
-0.842486
-0.636418
-3.37785
-0.172967
0.382979
-0.84102
2.73184
-1.32984
1.23196
-0.307042
-1.60951
0.304793
break
-1.71739
0.927259
0.0824364
1.65226
-0.408049
-0.828681
-1.30152
0.171764
3.04148
-0.478689
-0.875218
-0.587099
1.32
-0.56041
-2.87152
-2.1043
-1.29831
0.389697
-2.26881
1.14049
1.43434
1.01441
1.13878
-0.772529
1.96072
0.908605
0.1811
1.39456
-1.12417
-0.317933
2.01586
1.63196
-0.310047
-0.669685
3.21245
-0.467405
-1.7292
1.13221
0.478799
1.72511
0.915708
-1.74374
-4.74795
-0.485059
-1.125
-0.27344
2.64671
-4.05719
2.55833
0.427574
-2.67827
-1.22369
0.399124
-1.04705
-1.12973
-2.65221
0.428754
-0.545055
-0.523221
2.85686
-0.225561
1.39568
0.0828538
-1.43407
0.345833
break
