-0.306208
3.28166
-0.799841
4.23968
0.0343361
0.750553
1.1537
-0.466108
2.13886
-0.0248848
-1.14155
-0.0810767
-0.133258
0.00048769
0.126247
-2.01993
0.700962
0.577448
-1.10103
0.583484
0.381032
0.69588
1.13073
-0.377225
-0.0236724
1.62557
-0.71398
0.412568
0.411952
0.225315
0.296477
0.607547
-0.406562
-0.418055
-0.634712
0.274598
-0.785227
0.317626
0.710199
-0.853548
3.52096
1.28043
0.355243
1.27823
-0.886424
-3.12231
0.55412
-3.56015
3.51329
0.481767
-4.02545
-2.91647
-0.265767
-0.290481
0.752082
-0.611604
-1.25132
3.48789
-0.941972
-0.393731
-1.71218
-1.22879
1.67186
1.52516
1.32874
break
-0.456274
2.96657
-1.06462
4.46167
0.202872
0.786043
1.47874
-0.691377
2.61744
-0.0771673
-2.04632
-0.0247139
-0.485698
0.332691
0.132897
-1.77575
0.803868
0.470582
-1.77198
0.279635
0.160776
0.215794
0.582438
-0.557009
-0.164122
1.39605
-0.26032
0.322358
0.626979
-0.423959
-0.466888
0.392232
-0.445972
-0.499892
-0.419564
-0.012009
-0.47929
0.543237
0.696384
-0.525396
3.92965
1.28251
0.172109
0.545172
-0.271453
-3.85471
0.0222564
-3.95364
3.30422
0.455254
-3.61816
-2.39678
-0.407235
-0.280889
0.895058
-0.621964
-1.05163
3.44193
-1.52526
-0.568641
-1.62722
-2.10913
1.88269
2.47634
1.39737
break
-0.622177
3.0275
-0.883464
4.57858
0.0621854
0.371639
1.28938
-0.652392
2.61438
0.180444
-1.69593
0.355578
-0.213445
0.0776983
-0.263771
-1.64567
0.379464
0.499577
-1.28474
0.136317
-0.0724787
0.281378
0.728567
-0.398443
-0.555885
1.25
-0.51208
0.445718
0.600013
-0.0715896
-0.617175
0.305915
-0.649187
-0.697235
-0.429399
0.223435
-0.773065
0.351608
0.506628
-0.688206
3.77875
1.40163
0.162878
0.955897
-0.417118
-3.58443
0.127519
-3.69431
3.37659
0.603142
-3.93486
-2.70272
-0.206934
-0.377977
0.788499
-0.81739
-1.08915
3.78781
-1.24601
-0.498489
-1.59379
-1.37379
1.59512
2.08246
1.37798
break
-0.60362
3.13339
-0.980797
4.52533
0.022597
0.369044
1.32468
-0.610909
2.54999
0.125144
-1.80704
0.286052
-0.204083
0.0283956
-0.207531
-1.69678
0.500065
0.425348
-1.36699
-0.0105028
-0.15953
0.202802
0.602616
-0.456562
-0.386761
1.17458
-0.471322
0.471031
0.513214
-0.0916388
-0.704271
0.325387
-0.647011
-0.695473
-0.33679
0.307348
-0.768613
0.400819
0.5486
-0.675696
3.81078
1.60476
0.240839
0.820276
-0.509378
-3.72489
0.258823
-3.66951
3.27875
0.524396
-3.80228
-2.78595
-0.109955
-0.359711
0.714983
-0.664441
-0.933967
3.72315
-1.12547
-0.565172
-1.75888
-1.39314
1.60334
1.97447
1.30878
break
1.48181
2.83869
-0.712195
4.32937
-0.990255
-1.04181
-0.362253
-0.396443
1.58081
0.350712
-1.61448
-0.472957
-0.132849
-0.206616
-0.673948
-1.22258
0.518208
-0.774496
-0.655824
0.601299
0.0922577
1.58362
0.0551773
-1.55089
0.184313
1.36576
0.264116
0.513517
-0.166913
0.683406
-0.221408
0.608518
-1.00596
0.170873
-0.553474
0.133527
-1.16162
0.191196
0.496425
-0.125389
3.07586
1.3092
-1.46662
1.31195
-0.376446
-2.96278
-0.713326
-3.70136
2.01087
1.21536
-4.47223
-3.03447
0.784756
-1.50741
0.437161
-0.222198
-0.717923
2.07714
1.09484
0.219353
-1.54049
-1.58305
1.40665
1.91486
3.2023
break
-0.443713
3.22859
-0.871957
4.52154
0.0325424
0.574988
1.2586
-0.68545
2.25604
0.0961881
-1.36771
0.231054
-0.113595
0.115462
0.0584773
-1.85254
0.728754
0.19095
-1.05724
0.701968
0.174826
0.39477
1.12698
-0.272458
-0.0352659
1.30848
-0.604607
0.332666
0.486321
0.293995
0.0650503
0.471592
-0.450683
-0.546113
-0.65842
0.240895
-0.614014
0.120815
0.808663
-0.888865
3.54025
1.50963
0.28133
1.17528
-0.822462
-3.28665
0.546489
-3.68648
3.52198
0.716325
-4.1298
-2.6678
-0.363883
-0.536585
0.782518
-0.659912
-1.03059
3.80371
-0.937347
-0.625722
-1.8901
-1.38824
1.63099
1.49258
1.45002
break
0.0649569
2.84737
-0.750861
4.16496
-0.780397
-0.0825099
1.35768
-0.921043
2.26945
-0.263204
-1.00075
-0.11335
-0.784222
-0.235058
0.450228
-2.11582
0.2282
-0.343503
-1.36661
0.0841913
-0.167438
0.381213
1.2229
-0.0882684
-0.311817
0.818088
-0.224045
0.407513
0.243975
0.174589
0.317221
0.565144
-0.679206
-0.127635
-0.974307
-0.0326984
-0.237718
0.163305
1.04847
-0.88268
4.28063
1.95739
0.430215
1.08569
-0.413612
-3.26626
0.0435472
-3.29755
2.08142
-0.0105576
-3.90491
-2.46842
0.557229
-0.956853
0.885455
-0.586523
-0.86962
4.0324
-0.844178
-0.515447
-2.06663
-1.10738
2.32296
1.8291
2.18717
break
-0.484572
2.98864
-0.915586
4.75572
-0.206904
0.42263
1.17653
-0.809655
2.36685
-0.0170041
-1.33745
0.225008
-0.186816
0.184126
-0.104193
-1.80196
0.508612
0.392484
-0.87291
0.545317
0.191347
0.681506
0.999137
-0.0609744
-0.0486295
0.993745
-0.344581
0.322675
0.331215
-0.145267
0.00406826
0.653482
-0.600237
-0.652935
-0.734028
0.569285
-0.614608
0.40581
0.670759
-0.690358
3.68801
1.40722
0.128487
1.20232
-0.778675
-3.2605
0.341811
-3.80688
3.53355
0.399408
-4.12817
-2.7212
-0.466292
-0.673511
0.704517
-0.570477
-0.800876
3.91261
-1.07671
-0.634116
-1.97287
-1.34274
1.40723
1.79556
1.55478
break
-0.434041
3.319
-1.00272
4.55865
0.148385
0.469784
1.20211
-0.674593
2.20358
-0.0961321
-1.5685
0.234159
-0.0972986
0.247472
0.221321
-1.79581
0.718879
0.118895
-0.928958
0.660834
0.224357
0.450305
1.03762
-0.427398
-0.0198278
1.22415
-0.417432
0.303646
0.429703
0.173129
0.0725861
0.474825
-0.39699
-0.458978
-0.518343
0.22576
-0.345601
0.308913
0.900175
-0.796051
3.45594
1.50079
0.245665
1.20084
-0.846702
-3.24365
0.569769
-3.71582
3.63017
0.591553
-4.18488
-2.67391
-0.446766
-0.380102
0.76954
-0.758586
-1.04268
3.93384
-0.93785
-0.525268
-2.02459
-1.45431
1.64157
1.49252
1.30194
break
-0.683644
3.24321
-1.04942
4.25114
0.0687478
0.416965
1.31156
-0.792384
2.48526
0.28151
-1.64597
0.232847
-0.184779
-0.0233049
-0.149171
-1.67001
0.445971
0.337041
-1.28084
-0.165721
-0.12195
0.316232
0.811815
-0.549511
-0.351379
0.998583
-0.458711
0.37067
0.689432
-0.0431052
-0.725261
0.438352
-0.730494
-0.722245
-0.366769
0.388895
-0.903991
0.215138
0.577521
-0.756725
3.90129
1.59259
0.29413
0.72481
-0.558247
-3.59868
0.24259
-3.65819
3.29507
0.434914
-3.87896
-2.84962
-0.243113
-0.405155
0.650149
-0.76702
-1.06474
3.81368
-1.24926
-0.511598
-1.72845
-1.41746
1.57311
2.1879
1.32319
break
-0.382453
3.24738
-0.833096
4.38608
0.115714
0.666645
1.28393
-0.401175
2.23682
0.188622
-1.30958
0.0354718
0.00448352
0.151457
-0.0294933
-1.86859
0.628529
0.400217
-1.09298
0.623511
0.32055
0.44935
1.18404
-0.271159
-0.00724798
1.52113
-0.724249
0.354268
0.568655
0.390023
0.204961
0.626177
-0.355851
-0.449977
-0.660677
0.198771
-0.73905
0.217236
0.836272
-0.710637
3.56346
1.3647
0.379496
1.19412
-0.982152
-3.161
0.660735
-3.53914
3.53723
0.488889
-4.11281
-2.80881
-0.311311
-0.372879
0.726436
-0.741849
-1.25141
3.49112
-0.863644
-0.701816
-1.80148
-1.31182
1.63081
1.616
1.37438
break
0.230488
2.78184
-0.25198
4.27716
-0.332683
-0.273607
1.10625
-0.667127
2.2845
-0.1153
-1.05377
0.205809
-1.03317
0.087299
0.788207
-2.23177
0.674895
-0.448197
-1.4096
-0.0895163
-0.351496
0.155284
1.03067
-0.0371607
-0.542742
0.922518
-0.296589
1.07035
0.24418
0.78021
0.186564
0.366887
-1.10916
-0.301054
-0.971723
-0.00938682
-0.000147479
0.142447
1.27584
-0.5314
4.52342
1.51847
0.478991
1.16127
-0.716682
-2.93615
0.28999
-3.2679
2.56445
-0.265808
-3.72293
-2.59294
0.928441
-1.31914
1.05379
-0.82526
-0.568765
4.12678
-0.594777
-0.0293197
-2.36749
-1.25992
1.9554
2.26762
2.16822
break
0.00157177
2.91287
-0.628115
4.29911
-0.342153
0.0501258
1.3067
-0.724076
2.43057
-0.0897236
-0.960921
0.100861
-0.896287
0.0180962
0.452948
-2.14271
0.287455
-0.435801
-1.31351
0.199317
-0.185918
0.228986
0.946965
-0.242596
-0.380866
0.809251
-0.380772
0.552428
0.129133
0.475889
0.147243
0.466704
-1.06638
-0.175861
-1.16834
-0.109316
-0.0286022
0.081689
1.13308
-0.817027
4.38467
1.6235
0.387795
1.05503
-0.589941
-3.08874
0.314972
-3.05591
2.24849
-0.19098
-3.97796
-2.41274
0.607038
-1.10603
1.10244
-0.671252
-0.672296
4.13734
-0.575803
-0.0945789
-2.14305
-1.1833
1.96853
2.13695
2.15579
break
-0.629191
3.10899
-0.88877
4.70889
-0.0550316
0.45788
1.20922
-0.653378
2.58677
0.286936
-1.79934
0.448354
-0.314446
-0.0155772
-0.289732
-1.73502
0.305272
0.330567
-1.20888
0.195392
-0.0425882
0.350683
0.77965
-0.394453
-0.697051
1.3318
-0.463574
0.413699
0.488989
-0.122382
-0.564138
0.403127
-0.803691
-0.51563
-0.177899
0.150938
-0.686645
0.222982
0.452745
-0.82437
3.66584
1.19748
0.167202
1.04317
-0.382733
-3.77731
0.291181
-3.55237
3.31076
0.667054
-4.07448
-2.4674
-0.275304
-0.409468
0.846907
-0.731197
-1.21205
3.66157
-1.3238
-0.499842
-1.61921
-1.25431
1.83185
2.0656
1.35011
break
-0.522945
3.01422
-1.02962
4.54679
0.119309
0.711203
1.52671
-0.743549
2.58231
0.183818
-1.9994
0.0778101
-0.456013
0.166054
0.0728681
-1.79491
0.760687
0.355234
-1.75908
0.208641
0.0738987
0.196764
0.424643
-0.698486
-0.282723
1.38978
-0.398851
0.295381
0.598638
-0.270322
-0.535427
0.486804
-0.503466
-0.573098
-0.59422
0.0608534
-0.464799
0.554428
0.676984
-0.507816
3.84299
1.44741
0.38648
0.502311
-0.214295
-3.80057
0.133195
-3.8946
3.38227
0.605517
-3.54375
-2.53153
-0.470811
-0.378421
0.656378
-0.46482
-0.907335
3.39957
-1.62315
-0.668622
-1.58728
-1.91177
1.83717
2.31474
1.20912
break
0.0943512
2.7008
-0.387349
4.29045
-0.0894957
-0.107458
1.17265
-0.89353
2.31342
-0.0723188
-1.01383
-0.0352272
-1.03949
0.132475
0.591942
-2.29763
0.372027
-0.355324
-1.32774
0.200837
-0.301729
0.360539
0.978917
-0.133232
-0.389096
1.02869
-0.344826
0.687052
0.234921
0.563348
0.181754
0.513813
-1.24361
-0.123089
-0.945654
-0.164042
-0.0573517
0.169167
1.0714
-0.682443
4.40159
1.3532
0.440228
1.19754
-0.595298
-3.20319
0.323526
-3.15613
2.48377
-0.240619
-3.89295
-2.49701
0.47998
-1.10813
1.15931
-0.614718
-0.59526
3.97292
-0.617761
-0.183989
-1.98983
-1.24649
2.09534
2.21711
2.27605
break
1.55215
2.77475
-0.811799
4.1122
-0.94355
-1.17375
-0.573796
-0.582535
1.25267
0.410527
-1.55613
-0.930095
-0.20088
-0.286157
-0.89194
-1.01001
0.7082
-0.903397
-0.763474
0.728454
0.508629
1.02954
-0.372177
-1.56079
-0.541636
1.05621
0.109632
0.481261
-0.381849
0.253543
-0.0342819
0.57731
-0.758336
0.835439
-0.751619
0.0813973
-0.868954
0.588967
0.109434
0.0963856
3.05967
1.45448
-1.1358
1.27096
-0.342999
-2.68238
-1.20473
-3.91866
1.93714
0.933231
-4.74098
-3.01376
0.471278
-1.25698
0.137285
-0.157977
-0.742195
1.83505
1.19855
-0.222515
-1.29157
-1.40439
1.71798
1.60799
2.62308
break
1.49669
2.6857
-0.704527
4.22422
-0.984481
-1.15939
-0.5707
-0.647907
1.47071
0.236308
-1.71155
-1.12195
-0.135793
-0.76293
-0.932898
-1.03221
0.857111
-0.486802
-1.07128
0.775151
0.552303
1.31122
0.205434
-1.49576
-0.813573
0.932615
0.0542643
0.536943
-0.0785263
0.0613819
0.149453
0.475636
-1.08715
0.680042
-1.005
0.263158
-0.976215
0.329446
0.214543
0.0755791
2.89627
1.31992
-1.07977
1.22864
-0.505885
-3.04822
-1.23754
-3.66277
2.21484
1.11192
-4.46108
-2.93669
0.45892
-0.934962
0.102622
-0.287505
-0.548099
1.95205
1.43263
0.0727812
-1.58133
-1.58106
1.54139
1.73061
2.50409
break
-0.505021
3.27721
-0.860822
4.10675
0.285178
-0.0198975
1.23496
-1.06006
2.66012
0.228366
-1.13818
-0.272764
-0.32113
0.0017288
-0.431501
-1.85877
0.421592
0.356413
-0.801565
0.153475
0.0376121
0.587962
0.441854
-0.733379
-0.344223
1.42805
-0.403963
0.315968
0.189609
-0.30281
-0.421374
0.488335
-0.782757
-0.717746
-0.494542
0.296858
-0.392827
0.410501
0.395419
-1.15945
4.01555
1.24997
0.493019
0.904571
-0.924513
-3.32174
0.198833
-3.13169
3.11331
0.154519
-3.93595
-2.63304
-0.293535
-0.760439
0.837595
-0.817933
-0.955315
4.07194
-1.42446
-0.791764
-1.71376
-1.63425
1.34544
2.46998
1.17941
break
1.44591
2.65817
-0.957287
4.17554
-0.674798
-1.16549
-0.556981
-0.552204
1.65279
0.389546
-1.35175
-0.743128
-0.100631
-0.252165
-1.09418
-0.89288
0.328966
-0.492727
-0.802858
0.458467
0.42559
1.55898
0.0301693
-1.45458
-0.152044
0.994678
-0.0103998
0.103485
-0.156903
0.497873
-0.322132
0.332408
-0.398278
0.463053
-0.812276
-0.146593
-1.03686
0.240299
0.529831
-0.146327
2.91542
1.54957
-1.60775
1.3678
-0.956119
-2.82308
-1.08394
-3.68405
1.97706
0.838786
-4.45458
-3.06697
0.493701
-1.41587
-0.0998093
-0.257375
-0.930278
2.36503
0.781998
0.355453
-1.21585
-1.37159
1.69321
1.92295
2.75633
break
-0.647085
3.1679
-0.907008
4.22329
0.126102
0.170031
1.27592
-1.22344
2.65761
0.224705
-1.20487
-0.0620598
-0.439355
-0.0758422
-0.228841
-1.8999
0.137152
0.329965
-0.930899
0.0986883
-0.305145
0.478093
0.517085
-0.92691
-0.246826
1.31878
-0.778273
0.446674
0.0881021
-0.0874965
-0.381959
0.611779
-0.732146
-0.60515
-0.523674
0.13551
-0.180568
0.322445
0.634595
-1.08854
4.05204
1.18617
0.28179
0.941295
-0.807881
-3.38898
0.166644
-3.33914
2.99643
0.288212
-3.9044
-2.40976
-0.365597
-0.629806
0.708902
-0.645254
-0.781325
4.3286
-1.14703
-0.710422
-1.82538
-1.68818
1.39696
2.27431
1.26317
break
-0.187378
3.47203
-0.870215
4.40347
0.109703
0.753221
1.25681
-0.494986
2.23234
0.349932
-1.23373
0.17731
-0.0695159
0.142695
-0.0037693
-1.77001
0.626643
0.284019
-1.10967
0.600979
0.319412
0.467946
1.48665
-0.323506
-0.162843
1.43272
-0.78256
0.293084
0.607177
0.274607
0.191363
0.554784
-0.39057
-0.416994
-0.698443
0.245367
-0.838908
0.334393
0.836125
-0.705063
3.55423
1.3719
0.433598
1.15953
-1.00893
-3.05785
0.843311
-3.43899
3.41618
0.429183
-4.00816
-2.81647
-0.509048
-0.374376
0.794372
-0.913883
-1.0439
3.57542
-0.802776
-0.803139
-1.94257
-1.15157
1.66879
1.58272
1.27114
break
1.39309
2.61362
-1.01011
4.27457
-0.747727
-1.07093
-0.610405
-0.594778
1.78049
0.308684
-1.22316
-0.680092
-0.116466
-0.333151
-1.06055
-0.929688
0.451881
-0.481557
-0.922484
0.3957
0.41987
1.57055
0.244499
-1.38451
0.00681267
0.949972
-0.0725319
0.377473
-0.0602031
0.566247
-0.432428
0.210378
-0.335815
0.398046
-0.790968
-0.135443
-0.990636
0.172219
0.418569
-0.12702
2.8357
1.67463
-1.63783
1.53295
-0.952905
-2.72722
-0.990241
-3.5978
1.87217
1.02839
-4.52105
-3.05853
0.400382
-1.38176
-0.184455
-0.220015
-0.984366
2.21337
0.725735
0.378932
-1.11512
-1.37802
1.70279
1.9314
2.8189
break
-0.88412
3.0129
-0.994382
4.49354
0.0647912
0.64813
1.4877
-0.465723
2.84711
0.153282
-1.67899
0.316543
-0.338699
0.23694
-0.167374
-1.67281
0.482136
0.458627
-1.5159
0.29664
0.00583846
0.410474
0.322824
-0.408934
-0.25824
1.46208
-0.440887
0.430166
0.659308
-0.218061
-0.500055
0.426632
-0.887194
-0.623623
-0.241092
-0.0184534
-0.883995
0.452282
0.789005
-0.742039
3.88443
1.5736
0.41071
0.744722
-0.365644
-3.77893
0.312376
-3.70179
3.39709
0.335743
-3.59028
-2.61517
-0.169361
-0.44557
0.861092
-0.455653
-0.83734
3.39601
-1.40179
-0.462107
-1.93148
-1.61796
1.85377
2.32899
1.45451
break
1.45257
2.8191
-0.742222
4.23383
-0.874256
-1.0369
-0.412327
-0.722962
1.49993
0.365039
-1.66031
-1.28343
-0.12464
-0.614701
-0.864801
-1.07078
0.715909
-0.475682
-0.964655
0.694984
0.60456
1.20788
0.129127
-1.43226
-0.894952
0.970489
0.131079
0.467446
-0.201578
0.183182
0.131323
0.561859
-1.23613
0.474454
-1.19601
0.1665
-1.09328
0.415672
0.218172
0.0329738
2.7558
1.30178
-1.08322
1.25336
-0.427485
-2.90253
-1.32585
-3.60781
2.23513
1.12986
-4.33032
-3.06332
0.467266
-1.14841
0.221343
-0.35609
-0.443068
1.83981
1.49372
0.15098
-1.40651
-1.64936
1.37538
1.73462
2.46682
break
1.42855
2.63362
-0.735083
4.04807
-0.868168
-1.06677
-0.605565
-0.492761
1.42807
0.322565
-1.75552
-1.05883
-0.301685
-0.701855
-0.892225
-0.817321
0.810458
-0.532363
-1.06945
0.656748
0.660471
1.28109
0.240277
-1.54351
-0.840073
0.890988
0.0660912
0.491204
-0.000887655
0.18161
0.111851
0.631756
-1.04154
0.628479
-1.01012
0.0680009
-0.930056
0.228284
0.0586142
0.165824
2.82991
1.46775
-1.02041
1.18996
-0.491412
-3.11935
-1.40613
-3.71759
2.23717
1.27321
-4.52506
-2.81994
0.486056
-0.814095
-0.145545
-0.27772
-0.547631
2.03353
1.29921
0.0848654
-1.39278
-1.29804
1.47563
1.78424
2.51621
break
-0.640257
3.07889
-1.00181
4.5822
0.0110598
0.59968
1.49786
-0.54147
2.66185
0.289047
-2.02166
0.174345
-0.408091
0.0905551
-0.0915412
-1.83016
0.731959
0.326611
-1.74443
0.110989
0.135163
0.406131
0.424945
-0.55243
-0.253618
1.26124
-0.449459
0.416484
0.60368
-0.246747
-0.448549
0.407618
-0.67159
-0.481999
-0.270757
0.0109924
-0.549332
0.506459
0.650677
-0.627172
3.88389
1.46733
0.290729
0.500476
-0.247637
-3.81863
0.365711
-3.71231
3.33263
0.428726
-3.67504
-2.63869
-0.440437
-0.43181
0.830891
-0.405252
-0.888163
3.47658
-1.52631
-0.572606
-1.54238
-1.6615
1.95177
2.27165
1.26381
break
-0.714662
3.0858
-0.87156
4.74883
-0.0654778
0.415348
1.31854
-0.839706
2.6401
0.196202
-1.57483
0.276087
-0.307744
0.329997
-0.266974
-1.61559
0.421805
0.509407
-1.25818
0.266244
-0.183727
0.274703
0.623643
-0.549472
-0.516693
1.28402
-0.627068
0.367146
0.408675
-0.251356
-0.512915
0.18377
-0.649569
-0.690655
-0.4144
0.350627
-0.914881
0.329893
0.594379
-0.836751
3.77445
1.4225
-0.00140138
1.028
-0.394418
-3.55117
0.175337
-3.69878
3.2238
0.585783
-3.95503
-2.6938
-0.327179
-0.274231
0.986946
-0.926263
-1.01637
3.72611
-1.10842
-0.528859
-1.6978
-1.44699
1.51929
2.10979
1.3659
break
0.0309785
3.03251
-0.475028
4.20058
-0.339108
-0.0705986
1.34694
-0.8795
2.41378
0.137724
-0.919
0.000517173
-1.03791
0.0514162
0.576098
-2.25066
0.658706
-0.424788
-1.3532
0.0415977
-0.233984
0.200587
0.957656
-0.198891
-0.305673
0.79073
-0.319805
0.788084
0.126193
0.559701
0.0889644
0.597977
-1.15536
-0.0779988
-0.911509
0.220708
-0.143391
0.293361
1.00891
-0.780255
4.51974
1.64377
0.57484
1.37708
-0.622561
-2.932
0.38793
-3.01004
2.61645
-0.156418
-3.72511
-2.30356
0.756058
-1.08731
1.10079
-0.614159
-0.705353
4.04243
-0.771286
-0.004513
-2.20915
-1.29391
1.98384
2.30675
2.19623
break
1.40685
2.79669
-0.775779
4.12297
-0.906794
-1.27483
-0.562105
-0.659328
1.29679
0.452025
-1.39006
-0.898886
-0.171559
-0.337679
-0.837557
-1.13108
0.635796
-0.886495
-0.775731
0.722971
0.578898
1.0597
-0.144621
-1.61063
-0.437413
1.14401
-0.00675801
0.470847
-0.153595
0.148927
0.0129244
0.511119
-0.786275
0.823742
-0.71523
0.24548
-0.965273
0.412934
0.129749
0.0240441
3.05399
1.47958
-1.16
1.20375
-0.348253
-2.90845
-1.26576
-3.84083
2.08796
0.947974
-4.58094
-2.91573
0.565663
-1.103
-0.00922519
-0.221391
-0.789606
1.85552
1.11318
-0.172262
-1.47813
-1.41581
1.43756
1.66435
2.64833
break
-0.370211
2.93488
-1.03866
4.62547
-0.253004
0.570949
1.13871
-1.01282
2.48451
-0.151372
-1.47662
0.287909
-0.177519
0.0680115
-0.200572
-1.78736
0.562101
0.438731
-1.11671
0.679391
0.26292
0.721154
0.849076
-0.35844
-0.261605
1.12123
-0.465221
0.5
0.0966293
0.114049
-0.248015
0.346126
-0.645821
-0.611241
-0.620527
0.411152
-0.611394
0.437155
0.761196
-0.862346
3.65159
1.45603
0.149511
1.03879
-0.642074
-3.31925
0.394986
-3.5344
3.47809
0.504972
-4.17125
-2.77095
-0.37893
-0.702038
0.577789
-0.605238
-0.979875
3.94142
-0.963571
-0.824417
-1.846
-1.23206
1.5442
1.8807
1.43061
break
-0.495156
3.07951
-0.922246
4.26779
0.377199
0.131427
1.42096
-1.1747
2.62406
0.0612014
-1.3337
-0.200647
-0.412765
-0.00529075
-0.5169
-1.79018
0.290973
0.331718
-1.01269
0.0753647
-0.136125
0.336097
0.613587
-1.03488
-0.391273
1.2015
-0.774725
0.368139
0.230477
-0.134732
-0.40284
0.743317
-0.859057
-0.906472
-0.193639
0.288147
-0.311441
0.380604
0.383359
-0.908976
4.12602
1.48516
0.373686
0.803135
-0.850281
-3.55517
0.0352838
-3.24008
3.34428
0.384443
-4.00375
-2.58293
-0.109233
-1.12305
0.751272
-0.857391
-0.852647
4.06395
-1.10463
-0.518047
-1.82862
-1.66403
1.24018
2.22604
1.19754
break
1.44827
2.91065
-0.670546
4.09413
-0.841747
-1.52612
-0.522756
-0.595634
1.27424
0.321685
-1.62214
-0.907534
-0.319519
-0.40093
-1.08186
-1.13145
0.816174
-0.70024
-0.87714
0.607226
0.508012
0.905452
-0.141088
-1.39884
-0.331758
1.27193
0.212372
0.338448
-0.129668
0.119181
-0.0424082
0.844108
-0.498741
0.755643
-0.8745
0.493505
-0.942816
0.202111
0.186482
0.117146
2.92853
1.66711
-1.17067
1.15817
-0.417593
-2.89124
-1.33392
-3.97939
1.99631
0.947329
-4.44291
-2.78333
0.594205
-1.13781
-0.131857
-0.0154276
-0.670406
1.67822
0.973227
-0.111748
-1.28685
-1.33807
1.51177
1.68631
2.64476
break
-0.014919
2.88728
-0.459077
4.35145
-0.236999
-0.0393525
1.28831
-0.772902
2.39156
0.0068144
-1.00197
0.144344
-1.11
0.0749634
0.578012
-2.23383
0.463505
-0.378699
-1.34333
0.0530098
-0.252017
0.242389
0.941719
-0.246041
-0.439601
0.8109
-0.289962
0.621289
0.166489
0.612808
0.225915
0.533659
-1.14571
-0.155744
-0.928264
-0.0616449
0.0118188
0.171396
1.17737
-0.65975
4.532
1.52902
0.510623
1.24137
-0.69298
-3.04435
0.401184
-3.15892
2.51779
-0.167331
-3.73305
-2.44329
0.601535
-1.11709
1.15226
-0.59932
-0.598459
4.09829
-0.643571
-0.0146099
-2.10832
-1.34492
2.07618
2.21472
2.25121
break
1.68268
2.84038
-0.314169
4.31134
-0.670234
-0.743313
-0.525871
-0.116361
1.12357
0.580286
-1.24642
-0.280793
-0.349529
-0.322953
-1.35595
-0.994679
0.380094
-0.665314
-1.22758
0.471599
0.53706
1.50621
0.408453
-1.68137
0.21978
0.869565
-0.105106
0.233287
-0.0512947
0.441307
-0.574824
0.277503
-0.247642
0.309363
-0.445485
-0.000112243
-0.861758
0.439789
0.238952
0.16209
2.92498
1.57421
-1.49236
1.59002
-0.868501
-3.52171
-1.24135
-3.69902
1.81935
0.779808
-4.29537
-2.90759
0.965066
-1.34049
-0.116645
-0.0456561
-1.18997
2.36106
0.934232
0.457675
-1.00896
-1.35549
1.78299
2.1286
2.86125
break
-0.753418
2.94877
-0.85708
4.73937
-0.0560518
0.668527
1.18806
-0.530228
2.4688
0.0508237
-1.78358
0.453118
-0.22494
-0.227224
-0.317608
-1.67829
0.293991
0.266225
-1.16462
0.099617
0.125221
0.227599
0.890946
-0.528601
-0.760498
1.2453
-0.453551
0.470558
0.400369
-0.286138
-0.724078
0.255379
-0.721819
-0.559541
-0.178877
0.0107721
-0.75517
0.251096
0.450652
-0.781638
3.77955
1.15276
0.100831
0.877569
-0.387708
-3.81103
0.188661
-3.45159
3.26509
0.51366
-4.00867
-2.51572
-0.245711
-0.538871
0.73745
-0.771626
-1.24677
3.70056
-1.3267
-0.524782
-1.62278
-1.31403
1.90094
2.0022
1.40481
break
1.26697
2.52068
-0.981805
4.04351
-0.966128
-1.09882
-0.809507
-0.596794
1.4043
0.58286
-1.66553
-1.123
-0.303801
-0.680549
-0.803807
-0.60728
0.850129
-0.658616
-1.2422
0.56705
0.666169
1.20629
0.324245
-1.46546
-0.897417
0.992153
0.0859105
0.482268
-0.0799183
0.0382938
0.112847
0.713884
-1.08838
0.624997
-0.931038
0.222705
-0.997977
0.316004
0.107
0.25755
2.71895
1.48437
-0.867285
1.28292
-0.447724
-2.97305
-1.43532
-3.82741
2.2609
1.35576
-4.62756
-2.89442
0.519566
-0.908797
-0.171607
-0.139486
-0.709044
2.0439
1.39272
0.0375701
-1.32916
-1.22876
1.40029
1.71241
2.65687
break
0.547282
3.11942
-0.6461
4.34115
-0.21029
0.333135
1.21554
-0.628119
2.84673
-0.173779
-1.92743
0.369112
-0.365726
0.215312
-0.0381417
-1.51
0.00608352
0.425767
-0.851216
0.59985
0.140372
0.232106
0.597774
-0.252556
-0.396207
0.828834
-0.224888
0.270152
-0.263836
-0.278919
-0.506412
-0.0402287
-0.657763
-0.835864
-0.595532
0.450651
-1.20614
0.281315
0.906777
-0.272651
3.72578
1.84515
0.132929
0.980301
-0.786227
-3.28799
0.494869
-4.13653
3.47683
0.12656
-3.73165
-2.77937
-0.3752
-0.384373
0.581965
-0.653121
-1.22729
4.23084
-0.690041
-0.482915
-1.72924
-0.813525
1.81076
1.99552
1.70737
break
0.0821206
2.66947
-0.277699
4.16247
-0.20199
0.105571
1.4917
-0.582336
2.37486
-0.131987
-1.22114
0.153226
-1.25114
0.217794
0.830029
-2.30273
0.568438
-0.393571
-1.54925
-0.125
-0.335275
0.27193
1.05397
-0.265406
-0.55069
0.71892
-0.2156
0.71717
0.183178
0.656173
0.491548
0.304001
-0.985907
-0.215744
-1.09546
0.0871768
-0.179896
-0.00190697
1.13054
-0.712475
4.51849
1.40048
0.495662
0.961198
-0.475737
-3.04084
0.307351
-3.15159
2.43865
-0.203102
-3.83135
-2.65929
0.887876
-1.14134
0.926575
-0.597525
-0.3653
4.04636
-0.703586
0.0523127
-2.32211
-1.21151
2.05738
2.26879
2.31706
break
-0.221094
2.98453
-1.01815
4.65334
-0.559802
0.543903
1.20447
-0.798304
2.30767
-0.0629196
-1.3216
0.527378
-0.081884
0.109955
-0.121211
-1.95102
0.287111
0.460934
-1.27722
0.077708
-0.077268
0.360771
0.365573
0.288249
-0.371462
0.955115
-0.4656
0.222763
0.339316
0.134368
-0.86218
0.598083
-0.35729
-0.43575
-0.477657
0.25637
-0.694987
0.479006
0.634729
-0.601303
3.60619
2.0426
0.270171
1.1485
-0.424856
-3.61337
0.280883
-3.66245
3.5129
0.440075
-3.74225
-2.17233
-0.639315
-0.533944
0.842959
-0.55595
-0.822395
3.90703
-1.06
-0.720702
-1.78428
-1.00772
1.66709
2.20488
1.48827
break
-0.386148
2.94714
-0.941472
4.69671
-0.114996
0.503561
1.17343
-0.823452
2.45014
-0.0473158
-1.44549
0.225105
-0.197567
0.123615
-0.129325
-1.79844
0.564774
0.409637
-0.879055
0.518855
0.174706
0.558038
0.896487
-0.238024
-0.139494
1.12588
-0.554699
0.356006
0.19232
0.0575894
-0.227989
0.468209
-0.663668
-0.588064
-0.804203
0.422896
-0.607705
0.345905
0.739198
-0.676611
3.57894
1.41167
0.14499
1.10736
-0.628305
-3.19045
0.343296
-3.67133
3.47122
0.570699
-4.12922
-2.69835
-0.383414
-0.6548
0.641007
-0.603743
-0.941687
3.88425
-0.987684
-0.60044
-1.86529
-1.25947
1.44957
1.9597
1.56141
break
1.53239
2.9346
-0.426167
3.65747
-0.901516
-0.971195
-0.431808
-0.483494
1.35048
1.1373
-1.32809
-0.864788
0.173872
-0.00441794
-0.643774
-0.983912
0.145603
-0.482263
-0.794378
0.540548
0.39369
1.09522
0.248519
-1.0222
-0.236644
1.00591
-0.198158
0.49853
-0.149366
0.0315098
-0.360947
0.374749
-0.467743
0.287909
-0.724933
0.0644041
-1.13333
0.248158
0.387938
0.391324
2.93085
1.05601
-1.94351
1.06492
-0.662351
-3.11264
-1.2886
-3.52969
1.89253
1.06191
-4.29541
-2.958
0.751065
-1.37305
0.0145723
-0.227575
-0.579546
1.77843
0.971886
-0.125275
-0.870585
-1.18887
1.87881
1.41723
2.88944
break
0.172062
2.86447
-0.236102
4.80116
-0.474235
-1.34981
0.497104
-0.472209
1.92213
-0.130523
-1.19368
-0.227876
-0.483582
0.114854
-1.14983
-1.35354
-0.708405
-0.556414
-1.78725
0.693145
-0.215618
1.669
0.567265
0.00150306
0.233298
0.900393
-0.672733
0.385002
-0.430069
0.0288384
0.690673
-0.0713583
-0.584161
0.234661
0.178357
1.38878
-1.25985
-0.568055
0.747499
-0.811791
3.28512
0.477823
-0.834807
0.572902
-0.742631
-3.30035
-0.330474
-3.85852
2.16156
0.930918
-3.53702
-2.98165
1.75744
-1.14866
-0.401331
-0.400032
0.233038
2.32327
0.050159
0.383004
-1.47758
-1.25224
0.820956
0.956596
2.19587
break
1.53858
2.80655
-0.850881
4.05929
-0.981883
-1.22196
-0.585965
-0.552548
1.45902
0.263247
-1.57569
-1.0831
-0.129296
-0.662775
-0.930218
-1.02091
0.693156
-0.697516
-1.01884
0.841144
0.593069
1.18035
0.103675
-1.52866
-0.655403
1.11378
-0.0296734
0.613219
-0.0998858
0.0609376
0.0824411
0.604766
-0.953142
0.622758
-0.828838
0.248894
-1.01909
0.414392
0.115927
0.00381464
2.89958
1.31328
-0.993554
1.14938
-0.403261
-2.99833
-1.3801
-3.75892
2.29609
1.05864
-4.399
-3.02816
0.604883
-0.998443
0.106213
-0.259773
-0.680247
1.93059
1.31123
-0.0853551
-1.58933
-1.73279
1.57189
1.72595
2.41385
break
0.155286
2.80772
-0.362019
4.26916
-0.283227
-0.0744582
1.26887
-0.731054
2.35185
-0.101234
-1.12568
0.187483
-1.1526
0.125613
0.767406
-2.24599
0.515652
-0.359159
-1.35499
-0.0409117
-0.290087
0.139473
0.96829
-0.0575453
-0.64369
0.910595
-0.260243
0.776229
0.159807
0.658211
0.300221
0.428176
-1.15674
-0.246417
-0.977807
-0.0330511
-0.0518409
0.133437
1.1965
-0.620037
4.45186
1.45324
0.403702
1.01396
-0.620003
-3.10479
0.282989
-3.24625
2.4383
-0.262496
-3.80109
-2.59014
0.76796
-1.21498
0.89861
-0.631066
-0.490959
4.0242
-0.624767
0.031021
-2.34837
-1.32632
1.98724
2.33583
2.15456
break
1.53127
2.84554
-0.857825
4.29439
-1.0209
-1.02142
-0.317633
-0.446514
1.52095
0.457678
-1.62415
-0.5807
-0.125534
-0.0281751
-0.503332
-1.11325
0.558926
-0.902149
-0.61302
0.437827
0.193845
1.43599
0.0128
-1.63741
0.10244
1.25014
0.00286567
0.533531
0.0937313
0.56381
-0.126363
0.667998
-0.829522
0.12118
-0.530117
0.115325
-1.05443
0.242585
0.417148
-0.172669
3.0519
1.16489
-1.45282
1.19584
-0.438411
-2.98904
-0.816141
-3.6566
1.92751
1.14814
-4.57596
-2.95929
0.850429
-1.5087
0.386976
-0.412442
-0.575369
2.13079
1.06295
0.24031
-1.55412
-1.70582
1.63647
1.72753
3.05493
break
1.37094
2.97011
-0.294942
4.08297
-0.658705
-0.999425
-0.0227668
-0.44899
1.11207
0.857791
-1.22961
-0.868137
0.447937
-0.175317
-1.02453
-1.08637
0.0762185
-0.234355
-0.807518
0.261055
0.515431
1.25687
0.426529
-1.16089
-0.0777664
0.769597
-0.192248
0.426762
-0.323112
0.191336
-0.310077
0.281702
-0.554817
0.350631
-0.768952
-0.247061
-1.03488
0.380965
0.0980863
0.230704
3.014
0.857801
-1.60279
1.07957
-1.00818
-3.42983
-1.34117
-3.44416
1.97735
0.668602
-4.4918
-3.42418
0.776284
-1.25748
0.129375
-0.499302
-0.837957
1.75795
1.15904
-0.0011416
-0.890766
-1.42458
1.56827
1.56262
2.9295
break
1.21479
2.5556
-0.59213
4.37875
-1.25454
-1.06837
-0.612414
-0.320099
1.66633
0.478902
-1.49898
-0.479475
-0.0584952
0.0871287
-0.946659
-0.995832
0.297183
-0.789421
-0.787755
0.49006
0.428432
1.33968
0.182249
-1.56549
-0.350996
0.973414
-0.328388
0.351293
0.0985388
0.552303
0.177128
0.535196
-0.559471
0.43243
-0.681123
0.137189
-0.977581
0.397693
0.373176
-0.216321
2.92667
1.22896
-1.5104
1.16408
-0.518189
-2.8942
-0.854635
-3.58091
1.6514
0.943578
-4.12051
-3.0732
1.18268
-1.27059
0.262318
-0.856909
-0.763932
2.11354
0.978397
0.263876
-1.25348
-1.50173
1.72019
1.87324
2.93243
break
0.18181
2.97416
-0.13699
4.91304
-0.641362
-1.43035
0.603057
-0.493482
1.95937
-0.1288
-1.32646
-0.237459
-0.499072
0.0702517
-1.19924
-1.39819
-0.898913
-0.516344
-1.64623
0.763542
-0.162245
1.62438
0.635743
0.0286045
0.247546
0.860469
-0.660441
0.321761
-0.396277
0.129512
0.729194
-0.0250451
-0.643378
0.0434416
0.182875
1.44256
-1.17004
-0.604895
0.730093
-0.637309
3.1771
0.497095
-0.766276
0.645487
-0.881504
-3.21568
-0.308732
-3.90635
2.06174
0.818943
-3.7122
-3.14148
1.71488
-0.921926
-0.345108
-0.567158
0.262326
2.31964
0.166609
0.490786
-1.45711
-1.35364
0.968417
1.11683
2.12037
break
0.508867
3.18259
-0.614849
4.39816
-0.327616
0.294525
1.36843
-0.369312
2.97383
-0.113669
-1.97479
0.473586
-0.390008
0.447718
-0.0849249
-1.47028
0.242115
0.249418
-0.938168
0.638014
0.159122
0.426519
0.56221
-0.325256
-0.477425
0.906582
-0.167933
0.171455
-0.233895
-0.145248
-0.548736
-0.0408401
-0.511648
-0.985324
-0.818513
0.624321
-1.15676
0.268012
1.0005
-0.29163
3.75811
1.77774
0.0275536
1.0514
-0.867411
-3.22787
0.510411
-4.28811
3.33813
0.0734782
-3.65964
-2.75723
-0.368232
-0.441271
0.550402
-0.769359
-1.29058
4.25043
-0.862162
-0.489861
-1.67483
-0.807211
1.58122
1.98386
1.66173
break
-0.742392
2.85775
-0.700355
4.53493
0.0124265
0.327753
1.43033
-0.559732
2.5797
0.209002
-1.69578
0.261986
-0.114253
0.135164
-0.3407
-1.63288
0.394452
0.244446
-1.28626
0.0294837
-0.107333
0.251514
0.797444
-0.122659
-0.617032
1.43301
-0.551143
0.444144
0.654832
-0.0586608
-0.529033
0.408616
-0.845476
-0.614835
-0.479746
0.292491
-0.758959
0.359858
0.580847
-0.615672
3.81224
1.46164
0.168277
1.06921
-0.525358
-3.62784
-0.0208446
-3.78189
3.36068
0.412824
-4.00835
-2.87627
-0.129471
-0.570965
0.795225
-0.662533
-0.99006
3.77514
-1.20737
-0.588125
-1.48003
-1.4742
1.48307
2.03908
1.3508
break
1.44413
2.74781
-0.494426
3.76909
-0.641118
-0.936332
0.114736
-0.340166
1.08267
0.804352
-1.41811
-0.708408
0.500687
-0.144768
-1.05876
-1.00323
0.175824
-0.48831
-0.956533
0.474245
0.231631
1.15461
0.649248
-1.12281
-0.0479926
0.958569
-0.360623
0.422923
-0.0669133
0.265513
-0.206342
0.198404
-0.65153
0.0275623
-0.596928
-0.213786
-1.24129
0.454928
-0.00605974
0.336949
3.03008
0.778595
-1.49828
1.09648
-0.973949
-3.22804
-1.39409
-3.57701
1.94969
0.649647
-4.48242
-3.15488
0.785003
-1.42055
0.0803482
-0.463917
-0.813761
1.76588
1.14897
-0.211765
-0.845316
-1.25879
1.68403
1.71117
2.99013
break
0.0316734
2.93916
-0.514521
4.51183
-0.350416
-0.154049
1.31582
-0.876915
2.36609
-0.0704032
-0.855436
0.24091
-1.06092
-0.0515058
0.565241
-2.19904
0.503173
-0.349658
-1.34298
-0.0957212
-0.170382
0.0282919
0.989807
-0.227913
-0.606228
0.604091
-0.358463
0.472168
0.176282
0.670308
0.407792
0.511693
-1.02017
-0.0730903
-0.991317
0.0842458
-0.00837358
0.29996
1.12785
-0.634551
4.54682
1.56216
0.454554
1.29565
-0.814975
-3.02143
0.598886
-3.11918
2.56806
-0.191259
-3.66573
-2.57781
0.649228
-1.15802
1.27255
-0.722355
-0.523085
4.14195
-0.595079
-0.00506524
-2.12478
-1.34047
2.02744
2.15318
2.27476
break
0.0942839
3.02475
-0.962477
4.2206
-0.123222
0.317088
1.16811
-0.647865
2.55169
-0.147866
-1.67453
0.318627
-0.0745475
-0.210956
0.178935
-1.20006
0.165413
0.453438
-0.33716
0.623117
0.221162
0.25517
0.910631
-0.444727
-0.277772
0.931548
0.0914585
0.159673
-0.139073
-0.14781
-0.532797
0.200807
-1.12002
-0.119788
-0.639666
0.173491
-1.11507
0.727748
0.826689
-0.179439
3.74536
1.32142
0.320873
0.624749
-0.817033
-2.98562
0.571527
-3.79075
3.47098
-0.0111737
-3.89015
-2.96645
0.0123701
-1.24417
0.507244
-0.171627
-2.11042
3.86557
-0.643107
-0.254996
-1.59369
-0.828084
1.39684
2.07097
1.22378
break
-0.102075
3.16457
-0.268003
4.15917
-0.19226
-0.0126912
1.3659
-0.706922
2.5358
-0.160014
-1.18868
0.113993
-0.95554
0.157375
0.644019
-2.14112
0.387458
-0.246009
-1.13291
-0.102976
-0.44203
0.038197
0.901364
-0.118557
-0.424651
0.897969
-0.276395
0.736106
0.179173
0.765549
0.370572
0.551029
-1.21015
-0.172892
-0.936833
-0.0789185
0.0618886
0.132542
1.06022
-0.70786
4.65386
1.49574
0.363882
0.907215
-0.759921
-3.10251
0.311214
-3.25258
2.38441
-0.306524
-3.77632
-2.56646
0.844219
-1.06033
1.01099
-0.567425
-0.462043
3.98296
-0.682814
0.00857866
-2.45371
-1.27396
2.10494
2.37098
2.17379
break
1.62919
2.8214
-0.345173
4.25655
-0.724453
-0.874254
-0.410906
-0.119035
1.19651
0.619559
-1.4364
-0.392203
-0.272556
-0.338615
-1.24308
-1.06174
0.348094
-0.673082
-1.10864
0.597924
0.476264
1.24823
0.389113
-1.55384
0.147643
0.886683
-0.0793936
0.33911
-0.126708
0.41649
-0.530798
0.27842
-0.332278
0.463592
-0.540381
-0.135463
-0.823769
0.307834
0.256729
0.00621723
2.69609
1.61142
-1.54572
1.45114
-0.92821
-3.40385
-1.20268
-3.75139
1.78076
0.761362
-4.25039
-2.94413
0.83457
-1.424
-0.110766
-0.0591291
-1.13023
2.38274
1.00491
0.456667
-1.00801
-1.3787
1.81625
1.94946
2.88988
break
1.55732
3.10989
-0.196406
3.53445
-0.801164
-0.867347
-0.221075
-0.516785
1.24884
1.12754
-1.21292
-1.09038
0.524837
-0.0696163
-0.831528
-0.839206
0.3826
-0.521153
-0.610691
0.71
0.212337
1.03652
0.160464
-0.853787
-0.148243
0.881578
-0.0528215
0.427581
-0.154632
0.106259
-0.231151
0.437243
-0.559734
0.251303
-0.822916
0.00714434
-1.08025
0.181605
0.390794
0.238527
2.85653
0.933501
-1.86794
1.03484
-0.907483
-3.21279
-1.28962
-3.48987
1.98341
0.837199
-4.30353
-3.09247
0.771233
-1.2811
0.031104
-0.317721
-0.589558
1.72124
0.899377
-0.0492738
-0.885305
-1.10657
1.73849
1.55936
2.8843
break
1.63239
2.68884
-0.519016
4.41393
-0.678455
-0.762328
-0.388032
0.052598
1.14144
0.580745
-1.25951
-0.307928
-0.320349
-0.234159
-1.64987
-1.17413
0.231711
-0.597302
-1.0994
0.587573
0.705676
1.59469
0.429096
-1.69273
0.222502
0.93103
-0.0954704
0.230773
-0.173146
0.467548
-0.421808
0.21822
-0.31402
0.243874
-0.602858
-0.0216584
-0.897227
0.404184
0.122294
-0.0279233
2.92462
1.55063
-1.4167
1.53439
-0.819568
-3.49595
-1.329
-3.50178
1.85571
0.751863
-4.32718
-3.02093
0.99876
-1.25169
-0.10754
0.104461
-1.24755
2.38626
0.779115
0.415358
-1.11146
-1.48007
1.58149
2.03654
2.86832
break
1.55727
2.73307
-0.660519
4.3549
-0.916911
-0.68397
-0.510595
0.0609038
1.23853
0.589448
-1.25367
-0.337603
-0.366009
-0.330155
-1.59495
-1.37397
0.127756
-0.532361
-0.985002
0.617698
0.56984
1.51158
0.397711
-1.80174
0.201478
0.950415
0.0787465
0.179839
-0.192774
0.443054
-0.485822
0.177547
-0.271255
0.45699
-0.708161
-0.156601
-0.76328
0.431995
0.0248484
0.0253071
2.76582
1.39961
-1.35394
1.37389
-1.02144
-3.5119
-1.35603
-3.53225
1.92783
0.864155
-4.2159
-3.05066
0.989173
-1.42131
-0.128888
0.27156
-1.27954
2.42652
0.874841
0.39373
-1.03277
-1.57354
1.47437
2.05092
2.86324
break
-0.478887
3.06299
-0.954217
4.70386
-0.0481061
0.685791
1.41804
-0.700194
2.30833
0.268633
-1.27908
0.14859
0.0530566
0.0681945
-0.0126999
-2.08197
0.765381
0.152272
-0.891579
0.55023
0.000736851
0.463263
1.13928
-0.139102
-0.0473204
1.36943
-0.330075
0.298798
0.441368
0.395057
0.0805149
0.430599
-0.281475
-0.672978
-0.665632
0.116666
-0.698595
0.190753
0.934865
-1.03331
3.41459
1.36002
0.189334
1.28918
-1.03861
-3.28124
0.330447
-3.69861
3.55644
0.771004
-4.15325
-2.71053
-0.486302
-0.525387
0.9301
-0.683091
-1.21876
3.87809
-0.985444
-0.547347
-1.94419
-1.31551
1.6027
1.59015
1.39819
break
1.54025
2.70758
-0.856589
4.07726
-1.00724
-1.2113
-0.638037
-0.602354
1.34235
0.311992
-1.47585
-0.949246
-0.0413859
-0.507409
-0.867613
-1.18615
0.742404
-0.808275
-0.906641
0.669766
0.592805
1.10235
-0.0541506
-1.51852
-0.470612
1.14303
0.0262631
0.597958
-0.176968
0.137943
0.18679
0.445187
-0.952643
0.72183
-0.618395
0.181911
-0.968839
0.355395
0.0652446
0.0355138
2.94574
1.44951
-1.0212
1.14842
-0.530726
-2.99659
-1.3961
-3.68451
2.19316
0.975119
-4.4551
-2.87078
0.521541
-0.958538
0.118294
-0.23178
-0.807204
1.97836
1.27513
-0.164354
-1.58724
-1.56447
1.6555
1.80554
2.63509
break
1.50372
3.09367
-0.359175
3.64718
-0.795423
-0.994633
-0.276977
-0.526908
1.21722
1.13231
-1.28524
-1.02948
0.228857
0.174938
-0.564774
-0.877858
0.0943535
-0.472107
-0.989632
0.742473
0.330613
1.19045
0.463811
-1.0373
0.0248527
1.03257
-0.306186
0.667743
-0.139981
-0.0481404
-0.28315
0.4792
-0.556497
0.0902223
-0.833025
0.159568
-1.08685
0.155797
0.261332
0.370165
3.02147
0.84145
-1.52416
1.19897
-0.721223
-3.36472
-1.42899
-3.51086
1.98461
0.894405
-4.38623
-2.99752
0.608928
-1.29828
0.0265567
-0.328492
-1.03252
1.74803
0.761513
-0.11561
-1.06756
-1.06182
1.91926
1.6228
2.76925
break
1.74644
2.84985
-0.226228
4.3328
-0.971284
-0.929731
-0.649075
0.166106
1.13335
0.559575
-1.29475
-0.435114
-0.396494
-0.391062
-1.51903
-0.958661
0.531887
-0.667839
-1.24958
0.450778
0.549307
1.56598
0.444016
-1.69315
0.260746
0.979724
-0.152776
0.141478
-0.235519
0.373388
-0.593949
0.172341
-0.189279
0.331742
-0.539109
-0.0397488
-1.00065
0.40588
0.0458861
0.229617
3.07348
1.86434
-1.40338
1.77055
-0.908832
-3.74513
-1.25337
-3.74152
1.82065
0.892199
-4.26736
-2.81528
0.891036
-1.28847
-0.141014
0.0316456
-1.25469
2.28718
0.841157
0.380363
-1.05079
-1.22444
1.86628
2.12402
2.7069
break
1.7443
2.88334
-0.348216
4.35252
-0.730479
-0.635802
-0.46627
-0.115356
1.08922
0.603536
-1.1859
-0.453705
-0.318856
-0.281513
-1.45186
-0.941903
0.482814
-0.465619
-1.21168
0.507297
0.482114
1.64269
0.534108
-1.64751
0.113386
0.983359
0.00351141
0.266603
-0.159619
0.532515
-0.594563
0.328805
-0.0895934
0.270967
-0.639557
0.0760499
-0.876814
0.433262
0.286218
0.187707
2.79986
1.63489
-1.41735
1.53881
-0.750046
-3.41574
-1.19575
-3.65641
1.99706
0.799145
-4.3452
-2.67231
1.06456
-1.38999
0.093225
-0.135168
-1.06807
2.22089
0.693679
0.415048
-0.925813
-1.3125
1.645
2.12878
2.85743
break
1.5334
3.06353
-0.222013
3.51414
-0.751999
-0.904998
-0.205795
-0.5444
1.22781
1.16442
-1.15441
-0.948125
0.292054
-0.00366151
-0.672757
-0.899751
0.196068
-0.454678
-0.844651
0.672598
0.276142
1.14425
0.35503
-0.950584
-0.158921
1.02702
-0.236234
0.521258
-0.148718
-0.0197522
-0.404348
0.417592
-0.515624
0.176128
-0.773147
0.1252
-1.22704
0.220454
0.516355
0.31384
3.07934
0.916898
-1.69167
1.11272
-0.75307
-3.2298
-1.38815
-3.56055
1.85453
0.901475
-4.37917
-3.0042
0.723236
-1.30419
0.035357
-0.223291
-0.913945
1.75999
0.730641
-0.1105
-0.998757
-1.2992
1.82439
1.5123
2.83743
break
0.0103205
2.86072
-0.658106
4.25182
-0.39346
0.0093895
1.16214
-0.773648
2.48437
-0.270807
-0.904104
0.0316621
-0.905727
0.0929524
0.434301
-2.21955
0.211544
-0.55542
-1.08271
0.186241
-0.116028
0.165358
0.884501
-0.130713
-0.416908
0.687739
-0.341849
0.595477
0.0675234
0.600318
0.246016
0.471998
-1.08004
-0.238138
-1.11971
-0.0226752
-0.00628072
0.0805088
1.39464
-0.630733
4.43071
1.5893
0.365113
0.991618
-0.5847
-3.13049
0.363621
-2.94767
2.28452
-0.0481994
-4.0051
-2.47927
0.608055
-1.16929
1.23276
-0.790997
-0.875791
4.06969
-0.657719
-0.170409
-2.20378
-1.08272
1.92284
2.11483
2.14416
break
-0.364756
2.88421
-0.620426
4.21826
0.0511035
0.276007
1.17337
-0.703457
2.75831
0.316289
-1.38873
0.320388
-0.464791
0.133606
-0.382281
-1.73221
0.335474
0.555173
-1.24545
0.277147
-0.0412473
0.615275
0.693002
-0.388515
-0.470205
1.43528
-0.331629
0.287447
0.356875
-0.0888807
-0.746805
0.310594
-0.799911
-0.379268
-0.39177
0.140723
-0.507616
0.338395
0.828335
-0.933188
4.04073
1.6263
0.258094
0.978499
-0.590022
-3.25418
0.524485
-3.43433
3.00216
0.247242
-3.86589
-2.40954
-0.378336
-0.532112
0.744857
-0.709161
-1.21851
4.05996
-0.967159
-0.419558
-1.72235
-1.38492
1.55678
2.08245
1.41558
break
1.31546
2.91675
-0.645208
4.01285
-1.05433
-1.40445
-0.477973
-0.49897
1.33717
0.484983
-1.59619
-1.00611
-0.49846
-0.638397
-1.01915
-1.16161
0.84557
-0.624415
-1.0128
0.679151
0.574925
0.891751
-0.0916198
-1.48501
-0.47324
1.31846
0.0352933
0.504875
-0.145382
-0.175602
-0.128849
0.601587
-0.51143
0.896982
-0.996378
0.395306
-0.918427
0.191386
0.113812
0.274404
2.94959
1.5431
-1.17963
1.27268
-0.413614
-3.04043
-1.46609
-4.01163
2.02713
0.889677
-4.47578
-2.83398
0.490763
-1.10292
0.0236288
0.126622
-0.499158
1.74687
1.02765
-0.129904
-1.20324
-1.29555
1.54612
1.67292
2.51133
break
0.201243
2.76565
-0.149893
4.82805
-0.512722
-1.39686
0.510002
-0.546031
1.92309
-0.258027
-1.31539
-0.226338
-0.280332
0.0782663
-0.955323
-1.39409
-0.5388
-0.713429
-1.74053
0.753272
-0.229453
1.57954
0.593581
0.045346
0.327151
1.05329
-0.706897
0.359059
-0.204403
0.0544981
0.720117
-0.0276794
-0.580357
0.133239
0.25527
1.28252
-1.33673
-0.664933
0.765744
-0.761174
3.26681
0.656661
-0.748078
0.539177
-0.5855
-3.23917
-0.648496
-3.81438
2.05682
1.05281
-3.55413
-3.0747
1.77387
-1.15401
-0.206958
-0.351807
0.146034
2.39615
0.089717
0.247819
-1.4517
-1.211
0.774191
0.880977
2.12002
break
0.000604444
2.7091
-0.72842
4.10256
-0.743437
-0.102382
1.4394
-1.02767
2.34244
-0.298482
-0.913257
-0.0881589
-0.943985
-0.262808
0.358432
-2.03152
0.0481578
-0.159863
-1.52601
0.000621008
-0.118824
0.328016
1.37691
-0.288471
-0.202555
0.815364
-0.197267
0.159515
0.127278
0.320344
0.327462
0.566705
-0.724289
-0.11276
-0.9188
-0.0299636
-0.392963
0.0644539
1.02493
-0.928519
4.22195
2.02123
0.525997
1.00341
-0.435673
-3.30212
0.0418143
-3.34796
1.88326
0.0749815
-3.80708
-2.3799
0.536854
-0.959074
0.934415
-0.698999
-0.951075
4.06547
-0.734011
-0.588648
-1.92055
-1.31322
2.20156
1.98714
2.14786
break
1.51232
2.72671
-0.774594
4.17873
-0.884585
-1.13573
-0.506149
-0.859868
1.58596
0.323141
-1.59639
-1.12132
-0.0426347
-0.897162
-0.863624
-1.01498
1.07148
-0.554226
-1.11407
0.708565
0.382453
1.32777
0.278042
-1.50595
-0.6973
0.97536
0.054336
0.545778
0.0314018
-0.0939062
0.102946
0.562646
-0.966094
0.868421
-1.01956
0.320532
-0.825242
0.310327
0.404766
0.00873476
2.74692
1.29158
-1.11416
1.37425
-0.585954
-2.91843
-1.23689
-3.85125
2.24854
1.2209
-4.46755
-2.91106
0.445996
-0.989147
0.119093
-0.369009
-0.567379
1.94125
1.41868
-0.0844579
-1.46125
-1.73817
1.49159
1.56463
2.39051
break
1.41536
2.82412
-0.720561
4.1736
-0.5378
-1.17437
-0.603312
-0.269501
1.5495
0.438083
-1.33773
-0.777909
0.011689
-0.258808
-1.20999
-1.00558
0.393731
-0.55258
-0.809921
0.493294
0.478055
1.3618
0.238936
-1.31614
-0.232368
0.978139
-0.0388191
0.203854
-0.0772504
0.407788
-0.312357
0.372471
-0.426896
0.543238
-0.742623
-0.191684
-0.939523
0.248006
0.380041
-0.15948
3.02619
1.54489
-1.47487
1.18312
-0.940505
-3.01898
-0.998564
-3.75781
1.98337
0.999379
-4.46133
-2.94349
0.708178
-1.56019
0.0151221
-0.342238
-0.931427
2.31722
0.723436
0.30448
-1.16191
-1.37548
1.81588
1.90385
2.78859
break
1.40423
2.83472
-0.682953
4.16832
-0.500717
-1.26877
-0.458039
-0.235617
1.5849
0.376278
-1.37853
-0.650745
0.0238809
-0.140264
-1.26114
-1.1217
0.432753
-0.555312
-0.863675
0.501089
0.447634
1.37074
0.0877815
-1.29766
-0.206435
0.993615
-0.0112662
0.130048
-0.0222271
0.264352
-0.28913
0.61924
-0.479904
0.629858
-0.770601
-0.294617
-0.897624
0.24551
0.416841
-0.0998538
3.20211
1.43476
-1.36523
1.13936
-0.879408
-2.84056
-0.962925
-3.94683
2.04783
1.12505
-4.49876
-2.98251
0.68543
-1.55012
-0.0921495
-0.191091
-0.982425
2.34738
0.715293
0.313607
-1.08674
-1.20895
1.99571
1.9364
2.78196
break
1.67854
2.565
-0.540571
4.39133
-0.761183
-0.803622
-0.485237
0.150743
1.02599
0.55873
-1.24211
-0.469328
-0.334652
-0.0139103
-1.7016
-1.14563
0.341526
-0.489486
-1.12138
0.584406
0.739722
1.45412
0.286905
-1.65148
0.313441
0.938915
0.0121921
0.146377
-0.108259
0.48034
-0.478206
0.255924
-0.21771
0.35523
-0.758444
0.0439426
-1.0948
0.288906
0.172326
0.00389652
2.96073
1.67573
-1.56548
1.56316
-0.813139
-3.33923
-1.31523
-3.54692
1.9982
0.760596
-4.35679
-2.92619
0.945545
-1.16362
-0.114733
0.0865003
-1.07948
2.32153
0.794541
0.261239
-1.24509
-1.55532
1.61549
1.86255
2.87343
break
1.55886
2.84177
-0.262788
4.21767
-0.530633
-0.624469
-0.519577
-0.338628
1.02959
0.568804
-1.16357
-0.261143
-0.404207
-0.327287
-1.36545
-1.06353
0.220292
-0.773373
-1.33975
0.463956
0.539368
1.44857
0.378745
-1.63385
0.116173
0.957114
-0.177171
0.196985
-0.131534
0.421164
-0.514261
0.354824
-0.214488
0.32394
-0.410325
0.0909938
-0.758275
0.318469
0.314311
0.245733
3.0251
1.47281
-1.40795
1.58604
-0.939268
-3.49101
-1.38114
-3.85215
1.86379
0.797255
-4.46066
-3.10175
0.818722
-1.35502
-0.082568
-0.186889
-1.20982
2.46583
0.892168
0.428018
-1.06267
-1.50306
1.84078
2.25937
2.83662
break
0.173424
2.9001
-0.762668
4.28138
-0.690372
-0.0728365
1.43856
-0.872057
2.19587
-0.347358
-0.984028
-0.142802
-0.817094
-0.265089
0.446596
-1.9134
0.231478
-0.19137
-1.39104
0.0433826
-0.190287
0.45255
1.38874
0.0480607
-0.18798
0.82113
-0.272177
0.488014
0.205125
0.298787
0.332558
0.593514
-0.669989
-0.215213
-0.986307
0.0267619
-0.32416
0.151697
1.17586
-0.925205
4.39209
1.85869
0.272671
1.11011
-0.383675
-3.28651
0.0482973
-3.42443
2.24393
-0.016021
-3.92414
-2.53817
0.624278
-1.09868
0.62906
-0.524024
-0.933829
3.97012
-0.713402
-0.400489
-1.91768
-1.17006
2.24234
2.00655
2.26052
break
0.439118
3.1301
-0.559014
4.34508
-0.491532
0.352745
1.32725
-0.10779
3.07704
-0.190436
-1.9886
0.479488
-0.444554
0.443669
-0.120544
-1.46387
0.195259
0.253732
-0.92968
0.630352
0.0855855
0.439446
0.45982
-0.386844
-0.446615
0.943193
-0.0563679
0.194992
-0.0420367
-0.257121
-0.600944
-0.0476894
-0.478325
-1.08414
-0.855487
0.547123
-1.10404
0.448563
0.899579
-0.391158
3.69692
1.81191
0.06665
0.990379
-0.83403
-3.08185
0.406548
-4.06985
3.2759
0.00531454
-3.7148
-2.6662
-0.269602
-0.706971
0.520157
-0.74987
-1.12562
4.10072
-0.717327
-0.300035
-1.64108
-1.00073
1.58676
1.96511
1.62627
break
1.57996
2.91887
-0.42223
3.99835
-0.400051
-0.76011
-0.0531704
-0.163381
1.03209
0.767429
-1.30312
-0.865016
0.402052
-0.020625
-0.910655
-0.958237
0.141596
-0.368084
-0.885907
0.30939
0.462063
1.23499
0.488551
-1.20583
-0.119637
0.80437
-0.242741
0.405819
-0.167819
0.134483
-0.182235
0.301945
-0.706889
0.326314
-0.560245
-0.232313
-1.02549
0.443748
-0.044953
0.274318
3.04892
0.594152
-1.21541
0.905068
-1.10192
-3.23844
-1.27875
-3.47188
1.95495
0.744376
-4.52123
-3.32624
0.794997
-1.29368
0.135683
-0.469957
-0.795072
1.67697
1.12532
-0.0437934
-0.999841
-1.36103
1.45258
1.78489
2.95364
break
0.743855
3.1812
-0.667982
4.48769
-0.308279
0.463902
1.31553
-0.287838
3.00274
-0.364608
-1.98751
0.410379
-0.340555
0.473475
-0.00199429
-1.50696
0.451133
0.0984042
-0.920033
0.744031
0.155652
0.337303
0.668075
-0.184245
-0.514359
0.904036
0.0269709
0.277264
-0.239264
-0.210639
-0.558149
-0.114662
-0.426995
-1.02028
-0.866317
0.684004
-1.19511
0.0677751
0.988201
-0.372395
3.70431
1.79568
0.0594665
1.18241
-1.00507
-3.31644
0.552051
-4.32188
3.38287
0.119513
-3.65238
-2.78391
-0.586278
-0.362267
0.531908
-0.520331
-1.23695
4.25811
-0.741837
-0.585977
-1.68703
-0.743481
1.59333
1.95827
1.74956
break
1.85726
2.8651
-0.279246
4.28331
-0.788932
-0.715504
-0.563339
-0.0907396
1.11695
0.529802
-1.27019
-0.17544
-0.327373
-0.37957
-1.46573
-1.01258
0.301218
-0.700562
-1.31327
0.576338
0.485877
1.42038
0.506645
-1.59417
0.226418
0.809343
-0.0890431
0.168134
-0.14072
0.468209
-0.525954
0.294895
-0.45017
0.118648
-0.492861
-0.0672493
-0.976942
0.492171
0.392071
0.132158
2.96819
1.46393
-1.58115
1.63101
-0.759703
-3.50071
-1.28711
-3.75006
1.76201
0.859991
-4.39646
-2.91979
0.907087
-1.23176
-0.126438
0.00946175
-1.19182
2.40097
1.04564
0.518948
-0.970209
-1.36424
1.79171
1.94484
2.84092
break
-0.397937
3.10661
-1.09552
4.95876
-0.191209
0.525077
1.35999
-0.857282
2.49736
-0.143078
-1.32841
0.165527
-0.129278
0.318634
-0.0610775
-1.70617
0.61552
0.246861
-0.896925
0.470393
0.168701
0.586792
0.982088
-0.186005
0.000823661
1.05597
-0.395771
0.414597
0.259069
-0.108758
-0.00738901
0.542147
-0.427433
-0.690549
-0.818272
0.503783
-0.646112
0.649817
0.670637
-0.482856
3.7437
1.39664
0.112092
1.13145
-0.621135
-3.22751
0.342967
-3.93621
3.57215
0.527603
-4.14391
-2.57068
-0.500791
-0.721173
0.57947
-0.511708
-0.856721
3.79008
-1.05936
-0.593468
-2.01994
-1.07868
1.41395
1.77153
1.61742
break
1.52441
2.9409
-0.299776
3.62585
-0.765135
-0.875495
-0.308546
-0.413498
1.33176
1.17021
-1.22254
-0.908709
0.372641
0.0171365
-0.702721
-0.833294
0.266847
-0.540929
-0.714798
0.673261
0.213112
1.1116
0.237738
-0.899785
-0.152895
0.999602
-0.125667
0.437327
-0.16239
0.0651488
-0.312566
0.381665
-0.447205
0.236182
-0.736978
0.0979723
-1.0882
0.243782
0.43594
0.341634
2.93522
0.849268
-1.89689
1.11521
-0.715804
-3.17359
-1.25721
-3.50089
1.84771
0.92242
-4.35848
-3.05188
0.632942
-1.38392
0.0153147
-0.288321
-0.749919
1.80481
0.814704
-0.0690781
-0.846647
-1.29512
1.84342
1.5772
2.91422
break
1.37089
2.91419
-0.19009
3.63907
-0.88595
-0.989835
-0.288852
-0.475842
1.24506
1.11473
-1.17659
-0.780671
0.372351
-0.13462
-0.603408
-0.863319
0.0496862
-0.497352
-0.768967
0.674108
0.360252
0.896497
0.348061
-0.951899
-0.143714
0.985975
-0.188374
0.535808
-0.0227127
0.0117356
-0.470501
0.483496
-0.41254
0.0698036
-0.701721
0.332397
-1.30392
0.469404
0.663798
0.401249
2.98198
0.851469
-1.77937
1.07308
-0.706707
-3.36915
-1.35392
-3.60065
1.92871
0.971312
-4.38565
-3.05614
0.758355
-1.2371
0.119277
-0.275512
-0.763513
1.74036
0.714216
0.0573818
-1.0554
-1.31318
1.84384
1.39338
2.82465
break
1.32354
2.86634
-0.943923
4.03596
-0.959741
-1.03678
-0.797534
-0.400796
1.19278
0.444847
-1.72091
-0.94177
-0.0418453
-0.645572
-1.03223
-1.55843
0.838157
-0.60092
-0.749935
0.712828
0.664614
1.08172
0.205089
-1.827
-0.438726
1.10599
-0.0184668
0.587505
-0.402323
0.194184
0.0340696
0.330557
-0.999285
0.822174
-0.68595
0.194058
-1.25481
0.245142
-0.00315518
-0.0539222
2.99422
1.45238
-1.24897
1.0448
-0.404256
-2.67366
-1.24307
-3.85457
2.36097
1.09182
-4.37989
-2.80076
0.435404
-0.964842
-0.198253
-0.341567
-0.825105
2.04338
1.3553
-0.297682
-1.71182
-1.61478
1.55662
1.83961
2.99563
break
1.50681
2.85688
-0.315442
3.50945
-0.817563
-0.922752
-0.231092
-0.527412
1.29256
1.12626
-1.13119
-1.08549
0.477793
-0.0932332
-0.87302
-0.922201
0.336313
-0.502181
-0.681517
0.621955
0.184261
1.14635
0.101694
-0.931078
-0.184664
0.858826
0.032156
0.473864
-0.132755
0.108702
-0.330593
0.603266
-0.559582
0.308366
-0.800949
0.0306357
-1.14602
0.0196696
0.376664
0.282836
2.96786
0.83456
-1.86506
0.890696
-0.901337
-3.0006
-1.3214
-3.43351
2.04495
0.637985
-4.1386
-3.16262
0.799397
-1.30328
0.0616558
-0.343675
-0.676751
1.72769
0.737072
-0.109965
-0.817002
-1.23581
1.70185
1.61476
2.93509
break
1.46792
2.63362
-0.831127
4.13922
-0.702639
-1.08398
-0.665283
-0.497194
1.68937
0.403967
-1.18596
-0.5975
-0.233839
-0.343515
-1.12585
-1.06657
0.32542
-0.276632
-0.931869
0.493755
0.34531
1.62839
-0.111676
-1.56849
-0.148564
0.889401
0.0305129
0.15296
-0.215235
0.42825
-0.363087
0.369896
-0.412553
0.389897
-0.881515
-0.16291
-0.840529
0.316603
0.63588
-0.153709
2.88949
1.43883
-1.45372
1.38145
-0.920946
-2.99175
-1.1144
-3.6392
1.97699
0.871192
-4.47003
-3.05607
0.327573
-1.30338
-0.0407836
-0.348707
-1.04554
2.56733
0.863617
0.175478
-1.26643
-1.43051
1.84566
2.14207
2.71625
break
0.0881633
2.99718
-0.874841
4.38387
-0.231785
0.456634
1.13516
-0.796844
2.5065
-0.148081
-1.80104
0.209662
0.0685193
-0.24383
0.241283
-1.44239
0.261526
0.474287
-0.731723
0.746989
0.263929
0.317078
1.0216
-0.3595
-0.176082
0.970952
0.270302
-0.0182077
-0.110879
0.108882
-0.335591
0.0599414
-1.47161
-0.312585
-0.848856
0.0175679
-1.0714
0.704699
0.613417
-0.14727
3.65428
1.347
0.210157
0.639694
-0.823589
-3.00237
0.681018
-3.91211
3.39819
-0.0177054
-3.95505
-2.93898
-0.233372
-1.10589
0.387924
-0.259554
-1.95405
3.87403
-0.788895
-0.0551413
-1.64955
-0.724477
1.30242
2.11961
1.44986
break
1.52109
2.95294
-0.430875
3.84539
-0.334779
-0.787509
-0.0499494
-0.238981
1.0806
0.692782
-1.31105
-0.998003
0.434569
-0.151233
-0.783636
-1.06432
0.199615
-0.359888
-0.880133
0.405222
0.370351
1.37808
0.44871
-1.37191
-0.0833341
0.860865
-0.274907
0.384091
-0.317541
0.318805
0.053297
0.317415
-0.764489
0.15503
-0.576881
-0.348794
-1.10308
0.540905
-0.135787
0.362416
2.99217
0.534041
-1.28875
1.01788
-1.23622
-2.98444
-1.30034
-3.28193
1.96537
0.884157
-4.24121
-3.48635
0.72474
-1.21356
0.0471647
-0.433772
-0.793148
1.67075
1.13403
0.0329652
-1.08705
-1.27461
1.42796
1.76482
2.9197
break
-0.696957
3.06154
-0.901153
4.21156
-0.0344444
0.317635
1.2629
-0.962416
2.50612
0.411566
-1.68546
0.317875
-0.00327683
0.00481115
-0.0568156
-1.53403
0.53204
0.248423
-1.12402
-0.311283
-0.00494244
0.276486
0.800562
-0.576292
-0.460181
0.94566
-0.522058
0.3644
0.864658
-0.00642036
-0.639714
0.233709
-0.666423
-0.713308
-0.55219
0.535085
-0.875171
0.310147
0.593817
-0.588321
3.78718
1.46746
0.443622
0.697746
-0.485831
-3.7771
0.303762
-3.74524
3.2346
0.344371
-3.90881
-2.85458
-0.237574
-0.411549
0.70092
-0.775856
-0.905463
3.80887
-1.12509
-0.384645
-1.61053
-1.52726
1.69643
2.10717
1.53224
break
0.0469913
2.79262
-0.480449
4.28443
-0.206271
-0.161325
1.25684
-0.667869
2.38738
-0.128612
-1.14469
0.422148
-0.982975
0.190761
0.943226
-2.2782
0.660258
-0.269188
-1.37961
-0.186211
-0.298155
0.163876
0.980979
-0.0402808
-0.733918
0.930114
-0.153298
0.687553
-0.0360862
0.791607
0.135264
0.411393
-1.16468
-0.160228
-1.00205
0.113248
-0.0738145
0.225222
1.1333
-0.652008
4.41355
1.78409
0.346202
0.929038
-0.663748
-3.11395
0.249591
-3.21316
2.47655
-0.153139
-3.89932
-2.52612
0.723807
-1.20192
0.897198
-0.532053
-0.391297
4.15882
-0.732369
-0.102799
-2.49558
-1.34588
1.8471
2.36036
2.03204
break
1.54417
2.65262
-1.09332
4.13438
-0.68988
-1.17967
-0.456408
-0.426215
1.54489
0.424624
-1.32957
-0.711766
-0.0652737
-0.188408
-0.991609
-0.908039
0.270461
-0.511275
-0.780038
0.503513
0.482941
1.49958
0.24039
-1.40746
-0.241359
0.955265
0.0922214
-0.0117055
-0.123246
0.498604
-0.124652
0.352698
-0.417525
0.582615
-0.80373
-0.0264986
-1.23512
0.32446
0.664239
-0.0360367
2.97732
1.56126
-1.52637
1.35112
-0.933385
-2.75087
-1.13734
-3.57499
2.02946
0.709106
-4.54109
-2.9206
0.344037
-1.44092
-0.081895
-0.386023
-1.11277
2.53809
0.643261
0.280907
-1.38065
-1.32207
1.59339
1.97961
2.70907
break
0.331063
2.62324
-0.166589
4.75179
-0.458547
-1.31794
0.52053
-0.366249
1.99244
-0.405309
-1.12379
-0.300449
-0.58055
-0.0133726
-1.35337
-1.37313
-0.894428
-0.420593
-1.59644
0.59095
-0.22435
1.5535
0.778527
0.116785
0.139307
0.893066
-0.513527
0.483098
-0.257476
0.0345362
0.753828
-0.127858
-0.443929
0.404422
0.300102
1.28127
-1.16748
-0.489163
0.642532
-0.75225
3.34377
0.407141
-0.935593
0.556023
-0.775582
-3.29542
-0.317793
-3.81867
2.17712
0.915461
-3.58215
-2.89901
1.87795
-1.22723
-0.374381
-0.492554
0.265162
2.34612
-0.110101
0.539314
-1.5327
-1.34058
0.809503
0.89049
2.37917
break
1.43188
2.87111
-0.498382
4.13279
-0.3414
-0.665663
0.083087
-0.114851
1.08311
0.813408
-1.22577
-0.923143
0.456921
-0.0549611
-0.975382
-1.00771
-0.0944428
-0.178287
-0.945869
0.251003
0.373346
1.05566
0.419896
-1.09781
0.0409611
0.652875
-0.174678
0.407592
-0.0871406
0.0073628
-0.139841
0.303853
-0.804395
0.308064
-0.523279
-0.085733
-1.06638
0.378984
-0.0685252
0.223129
3.04758
0.622724
-1.03152
0.939574
-1.04304
-3.193
-1.34493
-3.48717
1.81589
0.691094
-4.56728
-3.23283
0.943629
-1.34823
-0.0302259
-0.535459
-0.620449
1.55757
1.06806
-0.204469
-0.934434
-1.44752
1.62074
1.83703
3.08971
break
1.47524
2.94024
-0.476762
3.93688
-0.534956
-0.943291
0.00437033
-0.386177
1.10877
0.968506
-1.3224
-0.800581
0.426748
-0.0112278
-0.963192
-0.947034
0.147071
-0.452512
-0.840806
0.341409
0.402838
1.35954
0.428297
-1.08398
-0.0912304
0.956496
-0.260598
0.404008
-0.167608
0.134024
-0.134591
0.320201
-0.674203
0.270646
-0.675119
-0.212903
-1.15485
0.452582
0.0338822
0.29251
2.97653
0.708719
-1.48648
0.973588
-0.944793
-3.31718
-1.37758
-3.50458
2.01169
0.769885
-4.46171
-3.22162
0.75227
-1.31649
0.151877
-0.406351
-0.801432
1.78476
0.994502
-0.0315233
-1.01051
-1.31879
1.57225
1.64563
2.9518
break
1.30222
2.72122
-0.806775
4.26235
-0.802146
-1.36908
-0.643562
-0.444113
1.28684
0.432444
-1.42142
-0.963515
-0.00252813
-0.345646
-0.949103
-1.14004
0.488165
-0.845844
-0.925038
0.570412
0.464711
1.08232
-0.0538826
-1.79211
-0.486232
1.00432
0.0559816
0.660745
-0.326194
0.187579
0.0129413
0.668254
-0.762445
0.863664
-0.972292
0.357716
-1.05852
0.344333
0.252041
0.116008
2.88414
1.54838
-1.13605
1.1652
-0.190749
-2.86443
-1.36297
-4.06289
2.1366
0.934265
-4.50886
-2.91265
0.770621
-1.19395
0.0309423
-0.120053
-0.887677
1.88578
1.19019
-0.210453
-1.54123
-1.51503
1.54468
1.60825
2.82325
break
-0.0769649
2.65323
-0.374164
4.24689
-0.290431
-0.0600032
1.2853
-0.67387
2.30451
-0.0821642
-1.13849
0.258415
-1.24941
0.0267892
0.698586
-2.32095
0.599637
-0.440896
-1.48956
0.121736
-0.264204
0.149544
1.04816
-0.0998758
-0.752051
0.795355
-0.312222
0.849281
0.104894
0.559496
0.31932
0.130428
-1.06472
-0.195048
-0.96652
-0.0366421
0.0476791
0.123652
1.15671
-0.620556
4.5471
1.25523
0.365387
0.847936
-0.681357
-3.14252
0.440766
-3.4913
2.2821
-0.215346
-3.64834
-2.73139
0.735431
-1.27526
0.839648
-0.869906
-0.517651
4.1316
-0.50156
0.26744
-2.25014
-1.21851
1.98276
2.47259
2.05367
break
-0.438888
2.9047
-0.819959
4.44959
0.0496674
0.539478
1.1444
-0.700977
2.76802
0.343292
-1.30702
0.328424
-0.366115
0.181221
-0.2886
-1.6618
0.503051
0.611331
-1.2204
0.284249
-0.05206
0.701073
0.64588
-0.368409
-0.566918
1.45467
-0.302006
0.190074
0.408365
-0.147352
-0.837502
0.347243
-0.541071
-0.506291
-0.49272
0.136868
-0.468385
0.268501
0.960691
-0.874569
3.92725
1.57831
0.35248
0.862996
-0.631885
-3.07816
0.472177
-3.41931
2.99173
0.30286
-3.84301
-2.249
-0.435094
-0.70494
0.559506
-0.674736
-1.22978
4.05187
-1.04079
-0.444498
-1.70004
-1.39925
1.71979
2.03096
1.58644
break
1.371
2.94618
-0.492359
4.06742
-0.855983
-1.63799
-0.45401
-0.619649
1.1107
0.368534
-1.57021
-1.0121
-0.356374
-0.444768
-1.09186
-1.16893
0.867483
-0.644861
-0.786381
0.484816
0.546428
1.08223
-0.238785
-1.15663
-0.259539
1.20056
0.00648008
0.583417
-0.0241546
0.218084
0.0489289
0.508436
-0.626744
0.798278
-0.898248
0.488708
-0.562403
0.302891
0.104687
0.229896
2.96796
1.73051
-1.34146
1.20118
-0.435116
-2.73647
-1.30802
-4.0255
1.87751
0.835086
-4.41928
-2.86581
0.671586
-1.2002
0.0283273
0.102605
-0.705087
1.60528
1.04718
0.0636629
-1.31763
-1.52298
1.45632
1.68814
2.54224
break
0.0591826
2.96652
-0.379898
4.149
-0.237139
-0.080963
1.35749
-0.82024
2.39528
-0.0167325
-0.963948
-0.0869114
-1.11087
0.0333438
0.777263
-2.34213
0.627945
-0.445621
-1.37261
-0.0407325
-0.250377
0.172937
0.914333
-0.166056
-0.301306
0.808934
-0.516921
0.831887
0.123133
0.528778
0.160792
0.700719
-1.15761
-0.0533677
-1.07851
0.144127
-0.172688
0.304132
1.06476
-0.766696
4.50179
1.63718
0.354278
1.34837
-0.458887
-2.85834
0.286935
-3.08994
2.51542
-0.122074
-3.80725
-2.26077
0.847532
-1.26914
1.13146
-0.606769
-0.7468
4.03972
-0.766938
0.137109
-2.385
-1.22463
1.94813
2.09177
2.22491
break
0.569673
3.15952
-0.696794
4.28831
-0.224922
0.31262
1.18039
-0.434037
3.08065
-0.134778
-2.02632
0.627473
-0.339714
0.508908
-0.0128542
-1.49495
0.165327
0.193202
-1.07757
0.716882
0.27246
0.395407
0.416999
-0.269869
-0.514329
1.15058
-0.442466
0.118372
-0.177377
-0.191129
-0.487251
-0.204272
-0.611092
-0.965923
-0.728222
0.754725
-1.09309
0.221054
1.22153
-0.292331
3.89688
1.74628
0.0731713
1.09105
-0.878044
-3.36381
0.491306
-4.24714
3.34595
0.0223494
-3.52658
-2.7466
-0.522198
-0.385725
0.555034
-0.838707
-1.47909
4.23489
-1.03885
-0.458971
-1.51891
-0.613249
1.5376
1.99508
1.72127
break
-0.165562
-0.637863
-0.891923
-0.87248
0.834455
-0.439122
-0.748894
-0.0435044
0.843098
0.120272
-0.981542
0.00753088
-0.246745
-0.859849
-0.748066
0.563592
-0.224125
0.916463
-0.0423751
-0.189677
-0.0318043
-0.523295
0.61889
-0.145751
-0.910624
0.965755
0.633104
-0.508217
0.311817
-0.494111
0.384209
0.807168
-0.991291
0.68485
0.592376
0.611517
-0.176247
0.950626
0.863262
-0.318352
0.239401
0.742542
-0.85729
0.0907207
0.141052
0.562762
-0.752024
0.688231
-0.719163
0.403179
-0.505727
0.122555
0.207061
-0.758287
0.925195
0.606338
-0.603565
0.142584
-0.449128
0.880133
0.706532
-0.95129
0.316861
-0.834864
0.562139
break
