0.500645
-1.36521
0.132133
-1.40587
-0.954957
-0.537892
-0.65229
0.449123
3.44605
-1.7073
-0.432672
-0.681914
-0.00448346
-0.231273
0.533245
-0.924284
-0.951554
-1.41241
-2.22144
1.12973
0.29215
0.612342
0.748207
0.562663
1.66108
0.483302
0.0277697
0.472427
-0.490606
0.342935
1.00481
0.530803
-0.452861
1.04283
2.75061
-0.374781
-0.514596
1.02459
0.796236
1.6634
1.12074
-1.94186
-2.69561
0.451828
2.16716
-0.290638
2.22358
-1.41419
0.0194658
3.29573
-2.94952
-1.66578
1.27894
0.553183
-0.0422125
-1.28185
1.04817
1.46432
-2.15736
1.74353
-0.556387
-0.338236
0.772621
1.1765
0.306124
break
0.499662
-1.4617
0.245917
-1.42624
-0.909788
-0.924464
-0.24077
0.526614
2.98707
-1.69571
-0.391652
-0.191113
-0.399224
0.163785
0.031867
-0.607681
-1.10336
-0.904636
-2.21736
0.895818
0.869483
0.737408
0.972162
0.119527
1.45962
-0.372517
0.328734
0.747821
-0.0285592
0.522855
0.625008
0.686434
-0.639521
0.429454
2.31989
-0.471193
-0.592301
1.12682
1.18104
1.49955
0.801485
-1.92743
-2.42671
0.438416
1.44355
-0.664098
1.72109
-1.43366
0.435613
2.84455
-2.43162
-1.69908
1.29846
0.630655
-0.191817
-1.0855
1.11227
0.528046
-1.85445
1.60855
0.0373105
-0.700127
0.986224
0.778471
0.0407674
break
0.414734
-1.30969
0.0637936
-1.35384
-0.696161
-0.695792
-0.527575
0.246028
3.2438
-1.82844
-0.578523
-0.38138
-0.392863
0.838627
0.323266
-0.567502
-1.17752
-0.889904
-2.19976
1.21709
0.741621
0.388749
0.768485
0.106671
1.44141
-0.344949
-0.118679
0.448502
-0.152196
0.379514
0.305049
0.786273
-0.880367
0.304185
2.90065
-0.0824511
-0.186888
1.4124
1.17847
1.69735
0.900598
-1.94169
-2.63991
0.407263
1.9304
-0.672696
2.37341
-1.05834
0.415559
2.45196
-2.90759
-1.7307
1.3868
0.422595
-0.129359
-1.25698
0.728899
0.758598
-2.48479
1.25911
-0.492693
-0.783523
0.868082
1.19448
0.19017
break
0.330959
-1.39641
-0.128526
-1.41064
-1.02466
-0.711265
-0.189557
1.13854
3.20456
-1.90047
-1.02137
-1.20534
0.340124
0.480014
0.173047
-0.567878
-0.988951
-0.571773
-2.46798
1.23708
0.813255
0.58667
1.06062
-0.288112
1.15685
0.104389
0.16463
0.341344
0.197919
0.747862
0.882504
0.7219
-0.140459
0.417293
2.55414
0.549556
-0.449873
1.36356
1.22834
1.97316
0.618683
-1.91315
-2.94801
0.321276
1.69074
-0.766463
2.24642
-1.59667
0.722691
2.87499
-2.46764
-1.59471
1.26013
0.65301
-0.38975
-1.6532
1.06098
0.37891
-2.53012
1.28116
-0.504314
-0.865512
0.860629
0.793111
0.232786
break
0.230222
-0.663816
-0.0857677
-2.12509
0.02621
-0.0823516
-0.0876679
1.93154
2.4207
-1.64276
-0.791771
-0.268068
-0.0566261
1.06618
0.123672
-0.794468
-0.516181
-1.54323
-1.97326
0.937151
1.20228
0.189184
0.35984
-0.019275
1.9146
0.875356
-0.878273
0.828974
0.487321
0.25246
1.02033
0.797768
0.487067
0.940474
2.0838
-0.455254
-1.33063
0.428318
0.772506
1.57886
0.617693
-1.75588
-2.074
1.1004
2.18436
-1.26011
2.0844
-1.07666
0.939268
2.48576
-1.86391
-1.51396
1.55996
-0.445329
-0.527595
-0.928346
0.754953
1.06814
-2.04024
0.470912
0.210134
0.304352
0.39624
0.986454
0.298254
break
0.201826
-0.431833
0.444766
-2.83991
0.0920774
-0.0506286
-1.20504
1.24494
2.34799
-1.82788
-1.11527
0.0256819
-0.61939
0.373557
0.408341
-0.30611
-0.343392
-1.04368
-1.72378
1.06911
2.20246
-0.266676
0.675877
-0.915901
1.67332
1.03208
-0.673046
0.765739
0.649191
0.23342
1.02309
0.877467
-0.419131
0.59561
1.82691
-0.00528797
-0.751421
0.0361766
0.232833
0.722503
-0.502675
-1.80769
-2.71594
0.278752
2.204
-0.941407
2.25488
-1.12852
1.17591
2.26363
-1.63256
-2.08092
1.27319
0.0964062
-1.07398
-1.41794
0.0135945
1.4047
-2.51113
1.24567
0.188945
0.663678
-0.171689
1.11391
0.891548
break
0.154705
-1.30888
-0.0206686
-1.31481
-0.814464
-1.0969
-0.529778
1.00536
3.19627
-1.69888
-0.505123
-0.836835
0.0728655
0.549653
0.318474
-0.422035
-0.765162
-1.28841
-1.99363
0.807225
0.934009
0.223106
0.876608
0.364111
1.36276
-0.527212
0.207095
0.603253
0.240012
0.902347
0.481103
0.78853
0.0172435
0.17116
2.77593
0.062733
-0.706478
1.46791
1.16653
1.81631
0.670818
-1.8233
-2.29287
0.640471
1.88383
-0.427601
1.85531
-1.36352
0.300355
2.80827
-2.43606
-1.37796
1.51311
0.643864
-0.0496999
-1.25771
0.999495
0.535485
-2.6153
1.48101
-0.436121
-0.606219
0.787283
1.0681
-0.196304
break
0.151803
-1.45355
0.688715
-1.59957
-1.15824
-1.05726
-0.868503
0.674542
2.86245
-1.93705
-0.819063
-0.863961
-0.0213075
0.22209
-0.438772
-0.495851
-0.919647
-1.11721
-2.4702
1.34018
0.695559
0.595783
0.690169
-0.26464
1.59942
-0.325669
0.119221
0.565405
0.135025
1.0837
0.693995
1.03392
-0.100134
0.441282
2.73841
-0.298065
-0.85362
1.2727
1.07446
1.55216
0.73219
-1.80841
-2.05698
0.605071
1.16452
-0.622417
1.97198
-1.47321
0.552753
2.63009
-2.32706
-1.6597
1.24144
0.675749
-0.400295
-1.03335
1.08846
0.968163
-2.03311
1.69053
0.0856008
-0.635148
1.13913
0.916756
0.00686566
break
0.0744629
-1.14194
0.223166
-2.95716
-0.0853857
-0.143536
-0.829459
1.24613
2.50297
-1.76929
-1.26998
-0.527252
-0.386933
0.430455
0.151228
-0.423898
-0.473307
-1.4162
-2.12757
1.19454
2.36428
-0.35254
1.04187
-1.02726
1.47977
0.650456
-1.0809
0.797504
0.519672
-0.218023
1.26285
0.944233
0.222819
0.305926
1.87809
-0.191858
-0.764998
0.607251
-0.0450366
0.911228
0.0799707
-1.88876
-2.99933
0.631117
2.16121
-0.772324
2.02885
-1.49235
0.833077
2.04191
-1.403
-2.13707
1.13639
0.268721
-0.758107
-1.59612
-0.0803042
1.2426
-2.56039
0.902979
0.103902
0.627854
-0.232369
0.800179
0.511293
break
-0.0113362
-2.04101
0.433974
-1.23957
-0.926594
-0.844588
-0.716531
0.828592
2.9998
-1.49175
-0.676805
-0.113043
0.0783361
0.622121
-0.386408
-1.24124
-1.23383
-0.987023
-2.06435
1.08743
0.822076
0.432265
0.965693
0.0643849
1.03344
-0.0956389
0.00626841
0.63605
0.306195
0.769041
0.438696
0.8744
0.315626
0.310109
2.98646
-1.356
-0.788669
0.730678
1.16545
1.58676
0.377799
-1.68534
-1.84352
0.409297
1.35222
-0.804438
1.80609
-1.35496
0.88743
2.8534
-2.37314
-1.85956
0.630067
0.704934
-0.0495238
-1.04688
0.875875
1.10206
-1.45907
1.4453
-0.104186
-0.546409
1.09881
1.02991
-0.175947
break
-0.0629786
-1.19462
0.313157
-2.15021
-0.289526
-0.252378
-0.143744
1.55674
2.39814
-1.4702
-0.400828
-0.642049
0.0148258
1.14866
0.258688
-0.544346
-0.47358
-1.44525
-2.03723
0.887446
0.936031
0.399509
0.80211
0.336985
1.89797
0.587578
-0.856491
0.641422
0.703931
0.275658
0.961144
0.491946
0.596269
0.719872
2.5991
-0.57423
-1.07232
0.879153
0.681924
1.7268
0.802188
-2.1507
-2.58535
0.781097
2.40704
-1.06487
2.04836
-1.03127
0.942059
2.39373
-1.81164
-2.37042
1.15047
-0.977166
-0.788464
-1.25135
0.90973
1.38398
-1.77693
1.12883
0.0124094
0.694888
0.271042
0.452343
0.0788518
break
-0.0654901
-1.53848
0.917954
-1.9964
0.716244
-1.40367
-0.375059
0.466625
2.49513
-0.663216
-1.34599
-0.117994
0.789959
0.627138
-0.102478
-0.570175
-0.889359
-0.277969
-1.622
1.885
1.59528
0.31004
1.45602
0.297025
2.91213
0.608112
-0.787726
1.39339
1.1119
0.743946
1.42065
0.596117
0.448848
0.409851
3.13008
0.111907
-0.670726
0.136604
0.545948
1.05276
0.806147
-1.58807
-2.35727
0.534785
1.36391
-0.940741
2.09702
-1.91839
0.981576
2.63361
-2.26649
-2.32347
1.11416
-0.286344
-1.09929
-1.32294
1.2219
0.930552
-1.39683
0.553754
-0.461127
-0.248319
-0.254819
0.659588
-0.46111
break
-0.0875668
-0.651404
0.280747
-2.43548
-0.100798
-0.717646
-0.257794
1.43073
2.28297
-1.81784
-0.684164
-0.61982
-0.229996
1.33185
-0.00681136
-1.0213
-0.700968
-1.20304
-1.93979
0.611718
0.722481
-0.0815922
1.21889
-0.13959
1.50082
0.921447
-0.144617
0.57956
0.57757
0.53331
0.979249
1.11143
0.164489
0.924516
2.45383
-0.483537
-1.353
0.670677
0.509617
1.33448
0.94129
-1.93344
-2.65816
0.804151
2.36394
-0.557054
1.54636
-1.23891
1.03592
2.4065
-1.70068
-2.63636
1.43745
-0.830141
-0.513913
-1.16691
0.880042
1.44606
-2.14922
1.19951
0.193054
0.543511
-0.289626
1.18312
0.291316
break
-0.222697
-0.873767
0.711418
-1.58406
0.692132
-1.29266
-0.356119
0.688007
2.1779
-1.44773
-1.03332
-0.154631
0.159795
0.193388
-0.0927978
-1.35527
-0.66062
-0.369275
-2.19289
1.67739
2.17352
0.227364
1.04229
0.843675
2.17116
-0.305456
-0.949928
0.598749
-0.104858
0.680125
1.47837
2.05315
-0.377272
0.78086
2.50556
0.343377
-0.468744
0.37007
1.20493
1.13144
0.91006
-1.73929
-2.20494
1.00887
2.55731
-1.27041
1.9775
-1.30184
1.67352
2.20367
-1.96996
-2.11593
0.701778
-0.0871459
-0.860076
-1.07574
0.891006
0.972959
-1.4028
1.47988
-0.424527
0.270436
-0.340353
0.537168
-0.260794
break
-0.407332
-1.5319
0.736721
-1.77462
0.585525
-1.21412
-0.268255
0.72372
2.8049
-1.11798
-1.56675
-0.38623
0.540766
0.757477
0.225922
-0.569037
-1.05086
-0.136923
-1.5406
1.83875
1.40801
0.682969
1.28549
-0.0617443
3.04931
0.627884
-0.862824
1.28217
0.592428
0.540565
1.46299
0.5019
0.53038
0.641268
3.06256
-0.132826
-0.469234
0.726039
0.00202851
1.46203
0.984945
-1.20868
-2.64091
0.207233
2.0055
-0.671974
1.6915
-1.90282
1.27672
2.75248
-2.25768
-2.58293
0.940006
-0.537579
-1.64093
-1.19622
0.916156
0.970231
-1.22439
0.41924
-0.780869
-0.131904
-0.426057
0.675297
-0.709377
break
-0.51004
-1.2096
1.06305
-1.77427
1.03102
-0.476437
0.119378
0.482562
2.76541
-1.65392
-1.8939
0.114391
0.947635
0.195757
0.489074
-0.968339
-1.19165
-0.677716
-1.00741
1.60022
1.98535
0.493358
1.66775
-0.179027
1.95572
-0.0345329
-1.02359
0.488944
-0.0371911
0.697643
1.76214
1.21857
-0.145951
0.329314
2.85741
-0.311773
-1.07423
0.407165
1.01436
1.49396
1.18242
-1.59148
-2.12919
0.14851
1.97779
-0.214961
2.66613
-1.37613
1.11486
2.21974
-2.14242
-1.74171
1.25817
-0.185056
0.00864379
-0.51596
-0.0886381
1.12209
-1.23233
1.11264
0.0258542
0.000729772
0.216089
0.960138
-0.346878
break
-0.521656
-1.34244
1.31891
-2.15363
0.886813
-1.02868
0.303216
0.578907
2.8381
-1.6948
-2.01226
0.342744
0.981307
0.256139
0.512448
-0.882041
-1.08288
-0.546954
-1.3595
1.48219
2.3471
0.581067
1.67315
0.0945157
1.92493
-0.103267
-0.9913
0.118799
0.14248
0.644226
1.70695
0.776293
0.365459
0.611031
2.74707
-0.300071
-0.911345
0.218438
0.833991
1.93431
1.23413
-1.38074
-2.32385
0.117299
2.06882
-0.0395775
2.39146
-1.55276
0.976494
2.76091
-2.20284
-2.15412
1.07276
0.0419841
-0.460008
-0.899042
-0.212851
1.22257
-0.921466
1.16146
0.0232145
0.318095
0.356003
0.607232
-0.609731
break
-0.537661
-1.4559
1.23136
-2.1542
1.07875
-1.22513
-0.0708466
0.484126
2.42723
-1.42289
-2.00615
0.21188
1.11502
0.228953
1.02226
-0.66852
-0.235809
0.208608
-1.68747
1.00663
2.15957
0.370204
0.970979
0.135738
2.75221
0.30059
-0.578683
0.456032
0.597631
1.03349
1.31187
0.837456
0.365386
0.0853306
3.11272
-0.589047
-0.883544
0.0961472
0.140512
1.60993
0.582148
-2.0306
-2.84247
0.814859
2.19197
-0.538705
2.11359
-1.22541
1.04773
2.73127
-2.55179
-1.9494
1.87373
0.0623412
-0.172036
-0.398962
0.0251848
1.17917
-1.07376
0.620639
0.0678793
0.255041
0.542454
0.117181
-0.450994
break
-0.538512
-1.43116
0.829974
-2.00769
0.86575
-0.916554
-0.335712
0.0226403
2.41554
-1.03988
-1.78473
-0.0283785
0.521112
1.31738
-0.23742
-0.409574
-1.16059
-0.411569
-1.67311
1.51033
1.24715
0.0708305
1.40141
0.618243
2.71773
0.890101
-0.758725
0.876983
0.5891
0.496771
1.53493
0.254839
0.0554343
0.0816122
2.54797
0.281299
-0.0298362
-0.0748518
0.449853
1.03052
1.32201
-1.65536
-2.33882
0.413886
1.12037
-1.2498
1.80255
-2.01662
1.09394
2.54691
-2.0554
-2.75555
1.46822
-0.425941
-1.17142
-1.00281
0.823267
1.42031
-0.928175
0.825008
-0.650744
0.151356
-0.062779
1.02041
-0.408239
break
-0.657613
-1.19234
1.46759
-1.96108
0.961534
-1.25794
0.303118
0.326156
2.44129
-1.53982
-1.87074
0.390529
1.05504
0.434923
0.618111
-0.734774
-0.737673
0.00554517
-1.44334
0.868829
2.48993
0.218963
0.810504
0.234746
2.80598
0.27244
-0.657009
0.804496
0.165393
1.01214
1.27466
1.1775
0.801856
0.0780974
2.96968
-0.731613
-1.02967
0.546197
0.305613
1.47065
0.759513
-1.67376
-2.38637
0.0169024
1.64748
-0.279918
2.15951
-1.44844
1.13949
2.3806
-2.58605
-2.19102
1.30521
0.122765
-0.24704
-1.02592
0.190698
1.4769
-1.17138
0.830364
-0.309426
0.27781
0.121963
0.362854
-0.481787
break
-0.664087
-1.15309
0.452971
-1.55185
0.665832
-1.15452
-0.11681
0.560271
2.08378
-1.36637
-1.50108
-0.600381
0.583965
-0.0625312
-0.265094
-1.16723
-0.411222
-0.650242
-2.10305
1.30285
1.93539
0.503078
0.654781
0.390353
2.22215
-0.0309551
-0.742753
0.532595
0.308795
0.477977
1.10684
1.44512
0.0264347
0.780846
2.53911
-0.0913813
-0.550199
0.130676
1.04616
0.935658
0.947827
-1.21739
-2.89688
1.32637
2.12022
-1.05044
2.22938
-2.11619
1.71737
2.58988
-1.50628
-2.37511
0.702513
0.196508
-1.00537
-1.24777
1.05753
0.450046
-1.32684
1.61618
-0.0401711
0.051964
-0.387948
0.956532
-0.518462
break
-0.807046
-1.5082
0.36341
-1.8658
0.834202
-0.763859
-0.326182
0.670307
2.2965
-1.00458
-1.11431
-0.7718
0.668607
0.0306103
-0.677153
-1.56928
-0.358585
-0.980636
-1.35326
1.07027
2.09509
0.657348
0.730846
0.499692
2.35398
-0.184135
-1.62307
0.662945
-0.149007
0.788029
1.2515
1.4395
-0.292206
0.802981
2.56898
0.0518993
-1.00794
0.165712
1.39623
1.57762
1.21588
-1.91911
-2.47175
1.43452
1.70169
-0.748178
2.35035
-1.45556
1.47124
2.1588
-2.08997
-2.5441
0.0777317
-0.290121
-0.874892
-0.714286
0.644238
0.729096
-0.934893
1.44901
0.0535323
0.532498
-0.26626
1.31656
-0.457453
break
-0.887169
-1.27241
1.38608
-1.97992
0.841439
-0.647141
-0.0896399
0.224896
2.59917
-0.67884
-1.54229
-0.0519123
0.371261
0.798297
-0.117585
-0.695184
-0.510441
-0.645503
-1.18154
1.54916
1.27288
0.51146
1.16949
0.538861
2.5128
0.794461
-0.877545
1.1342
0.654009
0.563228
1.14011
0.26037
0.546037
0.336078
2.92843
0.356045
-0.400734
0.115737
0.443935
1.42657
1.04334
-1.674
-2.45851
0.495297
1.72319
-0.989352
2.22764
-1.40938
1.22228
2.77556
-2.28087
-2.17904
1.0787
-0.54668
-0.974049
-1.10204
1.20484
1.36427
-1.26132
0.70802
-0.290719
0.152671
-0.502861
1.12595
-0.6536
break
-0.96625
-1.50337
0.863801
-2.1686
0.586056
-0.966517
0.149974
0.725694
2.14387
-0.9679
-1.59792
-0.516513
0.237127
0.199033
-0.146439
-1.41422
-0.645737
-0.946015
-1.54498
1.44267
2.00347
0.51336
1.00314
-0.06495
2.31913
-0.475146
-1.33621
0.782589
-0.110208
0.38322
0.692156
1.37831
0.183205
1.10529
2.75679
0.184933
-0.802358
0.0361003
0.949535
1.32783
1.60165
-1.56357
-2.75356
0.704136
2.24361
-1.29133
2.02384
-1.58119
1.55698
2.71478
-1.82062
-2.09245
0.361953
-0.263269
-0.953119
-0.913321
0.907739
0.331955
-1.00777
1.40421
-0.390073
0.248687
-0.330546
0.840487
-0.343021
break
-1.12172
-1.85082
0.48511
-1.51728
0.285253
-1.61536
-0.280804
-0.150821
2.2514
-1.18512
-0.785366
-0.320878
0.0666598
1.40139
0.647395
-1.1055
-1.31041
-0.418908
-2.29675
2.20769
1.54416
0.522921
1.35596
0.0506577
2.39522
0.0775725
-1.15015
0.848398
0.732059
0.646796
1.44418
0.597734
-0.485364
0.800438
3.59939
-0.0922277
-0.542187
0.688122
1.05669
1.07963
0.444739
-1.57407
-3.17109
0.878966
2.70526
-0.740659
1.14977
-2.86783
1.87538
2.66454
-2.2255
-2.67368
0.724676
-0.0481713
0.0143993
-0.814715
1.024
0.518785
-0.989983
1.483
0.138024
-0.0445315
-0.247213
1.63221
-0.322414
break
-0.420742
-1.26005
1.18901
-1.90614
1.08748
-0.489446
-0.0592762
0.612781
2.75059
-1.53573
-1.70325
0.347501
0.970405
0.0366333
0.468338
-0.901869
-1.18544
-0.590448
-1.08978
1.5369
2.04162
0.534856
1.49603
-0.161695
2.05297
0.00685856
-1.26282
0.220839
0.0728649
0.615022
1.62092
1.07449
0.122622
0.273693
2.84329
-0.533887
-1.01754
0.219618
0.891283
1.66277
1.14002
-1.41805
-2.38204
0.17341
1.83785
-0.108855
2.63296
-1.44528
1.10783
2.36657
-2.06515
-1.96058
1.2879
-0.290648
-0.0869087
-0.741321
0.162828
1.17088
-1.24898
0.954415
-0.00223134
0.194877
0.367897
0.848709
-0.289339
break
0.0809076
-1.62104
0.294676
-1.30361
-0.962794
-1.30297
-0.906295
0.934208
3.08251
-1.8418
-0.806932
-0.138928
-0.103702
0.624458
-0.287641
-1.18758
-1.14756
-1.11251
-2.2424
1.26466
0.807289
0.299792
1.01138
0.179127
1.12493
-0.0203696
0.165033
0.683053
0.175411
0.83765
0.501768
0.940418
0.185533
0.391232
3.01301
-0.856856
-0.744031
1.13252
1.26846
1.69168
0.595421
-1.71005
-1.95844
0.4686
1.36553
-0.691672
1.81796
-1.20037
0.775415
3.08137
-2.30109
-1.74467
0.589038
0.300087
-0.298314
-0.941617
0.995752
1.08385
-1.37384
1.3014
8.67602e-005
-0.566922
0.986301
0.958004
-0.0629783
break
0.468977
-1.44539
-0.0698627
-1.20519
-0.95542
-0.677051
-0.537976
0.876131
2.92114
-1.92789
-0.876573
-0.816795
0.0997344
0.496651
0.100651
-0.671233
-0.815883
-0.912098
-2.23781
1.15864
0.855433
0.499398
1.10207
-0.178254
1.21743
-0.0369021
0.130373
0.467604
0.108392
0.715605
0.808115
0.65189
0.0422948
0.41137
2.53944
0.473801
-0.543708
1.3181
1.25634
2.04599
0.925525
-1.79486
-2.84372
0.339345
1.71438
-0.503696
2.18072
-1.3506
0.397753
2.75892
-2.45208
-1.4182
1.25748
0.474179
-0.390897
-1.41731
0.969521
0.444823
-2.78219
1.33407
-0.383197
-0.668208
0.74939
0.742141
0.0910994
break
-0.406425
-1.02684
0.612008
-1.33798
0.502767
-1.17217
-0.162608
0.767258
2.34688
-1.51951
-1.28778
-0.259489
0.113423
0.0128074
-0.454887
-1.52969
-0.847023
-0.335169
-2.27962
1.53969
2.06742
0.410042
0.72077
0.804789
2.36497
-0.141456
-0.984008
0.404818
0.082603
0.543517
1.10923
1.8173
-0.332724
0.739834
2.41182
0.397295
-0.364484
0.308785
1.28876
1.17357
0.923645
-1.61104
-2.26463
1.06257
2.41975
-1.10901
1.98007
-1.16178
1.73055
2.33014
-1.68863
-2.07875
0.406089
-0.0317721
-0.946605
-1.20954
0.86654
0.837247
-1.39577
1.53783
-0.457615
0.281535
-0.0511298
0.72005
-0.32985
break
-0.595971
-1.30418
1.31518
-1.9125
0.955506
-0.834643
0.100418
0.611089
2.83715
-1.63051
-1.41466
0.242403
0.939815
0.034482
0.727634
-0.899952
-1.15244
-0.560539
-1.15383
1.34301
2.18895
0.551518
1.62982
-0.119657
2.2428
0.0984833
-1.22584
0.132732
0.170315
0.668943
1.43138
0.752289
0.170804
0.465886
3.04449
-0.418701
-0.948626
0.146405
0.67549
1.58097
1.12105
-1.5937
-2.5437
0.144272
1.96325
-0.193164
2.41738
-1.56704
1.16649
2.55684
-2.15148
-2.31146
1.13271
-0.11524
-0.265139
-0.707439
0.139236
1.2355
-1.12301
0.893153
-0.128206
0.266984
0.18102
0.792111
-0.447075
break
-0.856045
-1.41461
0.540065
-1.60158
0.668232
-1.1808
-0.347731
0.538176
2.14777
-1.40415
-1.3458
-0.506155
0.266952
0.133394
-0.372994
-1.1705
-0.664254
-0.521822
-1.87496
1.65771
2.07748
0.391171
1.05384
0.25913
2.34459
0.0672837
-0.853311
0.567668
0.141365
0.463414
0.997265
1.43404
0.00231495
0.704763
2.53414
0.0666419
-0.652684
0.133315
0.978893
1.06855
0.98326
-1.4407
-2.6607
1.14045
2.12959
-1.07047
2.07615
-1.64931
1.43398
2.59922
-1.67973
-2.27139
0.412627
-0.052037
-0.835162
-1.05719
0.993837
0.637932
-1.42184
1.6043
-0.231357
0.447066
-0.0543072
1.00042
-0.648722
break
0.461415
-1.59844
0.415438
-1.62386
-1.25189
-0.708082
-0.828275
0.703609
2.7483
-1.76216
-0.872368
-0.667278
0.144247
0.350115
-0.0686544
-0.705812
-0.849452
-1.0575
-2.27339
1.23154
0.691146
0.592262
0.594253
-0.116704
1.49062
-0.21512
0.195226
0.688811
-0.132749
0.899956
0.652921
0.952929
-0.12212
0.478309
2.67741
-0.480276
-0.832458
1.33473
1.24723
1.56907
0.626394
-1.96919
-2.17499
0.619675
1.29446
-0.854341
1.94379
-1.21563
0.767081
2.60286
-2.33274
-1.87472
1.40175
0.639566
-0.241575
-1.05049
1.06816
0.939118
-2.04469
1.6613
0.0367769
-0.630469
1.12036
0.78459
-0.126785
break
-0.336822
-1.48042
0.697917
-1.88446
0.767837
-1.05192
-0.198701
0.703638
2.70568
-0.892373
-1.33107
-0.0812252
0.810608
0.636267
0.190291
-0.579369
-1.10362
-0.284859
-1.7219
2.08029
1.482
0.828899
1.52449
0.318281
2.86526
0.488929
-0.848105
1.30092
0.48036
0.461544
1.34577
0.358895
0.633604
0.470568
2.87152
-0.138922
-0.395785
0.35501
0.0453644
1.34613
0.737992
-1.43294
-2.63899
0.39309
1.81009
-0.90015
1.88462
-1.60905
1.46739
2.91289
-2.2457
-2.58387
1.14598
-0.400804
-1.50776
-1.20987
0.831227
1.03137
-1.33066
0.49193
-0.474682
-0.171535
-0.304574
0.747807
-0.523489
break
0.49798
-1.38966
0.158206
-1.54301
-0.845953
-0.516686
-0.538359
0.474419
3.45908
-1.68823
-0.50172
-0.61507
-0.197754
-0.230781
0.479632
-0.977839
-0.754229
-1.41859
-2.10518
1.30525
0.307691
0.464416
0.720151
0.419815
1.6312
0.427165
0.0885158
0.275815
-0.507013
0.326566
0.914078
0.550852
-0.430336
0.619955
2.60607
-0.344774
-0.368931
1.14944
1.11206
1.94339
1.12338
-1.68178
-2.77996
0.262464
2.13172
-0.264183
2.20497
-1.40655
0.266866
3.10555
-2.71046
-1.54139
1.13253
0.539587
0.0464843
-1.34653
1.18087
1.50413
-2.0311
1.73308
-0.747059
-0.155151
0.458594
0.97142
0.278427
break
-0.0214719
-0.555462
0.516714
-3.03371
0.0831439
-0.0930843
-0.955019
1.04687
2.34546
-1.6959
-1.04684
-0.184897
-0.61533
0.3992
0.207863
-0.299004
-0.423972
-1.33989
-1.8621
1.27251
2.39972
-0.148351
0.87264
-0.923068
1.60554
0.819066
-0.821292
0.589992
0.524726
0.184844
1.09595
0.880435
-0.286938
0.568978
1.94131
0.0782762
-0.729298
0.261774
0.148782
0.739399
-0.263342
-1.95941
-2.86646
0.389883
2.25244
-0.718344
2.01829
-1.24796
1.16153
2.10305
-1.34345
-2.06256
1.47496
0.101562
-0.692667
-1.37856
-0.0112175
1.31575
-2.41607
0.874616
-0.120322
0.774801
-0.0737424
1.26596
0.86953
break
-0.23892
-1.52051
1.04562
-1.96714
0.906181
-1.18548
-0.27814
0.282084
2.43655
-0.922473
-1.42355
-0.101508
0.893335
0.493209
0.207738
-0.673885
-0.909155
-0.263253
-1.77397
1.75693
1.44318
0.667477
1.47842
0.252617
2.62427
0.538622
-0.853002
1.28884
0.900793
0.562859
1.39346
0.488222
0.300284
0.457658
2.97977
0.0867898
-0.646512
0.342722
0.398295
1.56675
0.884705
-1.5341
-2.53836
0.557176
1.5106
-0.862225
2.09155
-1.69366
1.35363
2.87776
-2.1464
-2.47765
1.18195
-0.417421
-1.12768
-1.17512
0.899117
1.02124
-1.19627
0.57942
-0.438426
-0.042303
-0.178266
0.906328
-0.385547
break
-0.567639
-1.32655
1.37899
-2.01292
1.10095
-1.31041
-0.0374958
0.475888
2.47834
-1.64548
-1.86779
0.379695
1.06459
0.427146
0.806395
-0.76889
-0.500311
-0.00949166
-1.6408
0.980657
2.31064
0.25892
1.00715
0.34336
2.50067
0.190653
-0.84602
0.45644
0.35913
1.13037
1.32855
0.844623
0.596496
0.0581031
2.93357
-0.537772
-1.03763
0.318049
0.314131
1.52827
0.782953
-1.94372
-2.61403
0.293695
1.75979
-0.5034
2.3128
-1.27328
1.18628
2.43928
-2.53725
-2.22356
1.41131
-0.269445
-0.303733
-0.759402
0.0280956
1.13773
-1.02622
0.742125
-0.100601
0.184481
0.418855
0.713805
-0.253235
break
-0.263446
-0.920744
0.143313
-2.47905
-0.133385
-0.528758
-0.376975
1.43771
2.1282
-1.78526
-0.734762
-0.400168
0.0380381
1.33637
0.0320452
-0.801712
-0.74054
-1.34943
-2.04538
0.806966
0.738777
0.0592457
1.07089
-0.00802775
1.54622
0.920752
-0.418739
0.59419
0.61097
0.399462
0.890145
0.716741
0.265401
0.840821
2.58575
-0.485593
-1.27383
0.529842
0.635934
1.30309
0.967441
-1.93866
-2.58882
0.926786
2.2707
-0.706598
1.70586
-1.14196
0.956119
2.51143
-1.71048
-2.34815
1.21902
-0.778663
-0.671783
-1.22653
0.802002
1.5401
-2.06532
0.912356
0.0899434
0.748228
-0.10259
1.05112
0.417981
break
-0.957962
-1.79828
0.798866
-1.47676
0.0187469
-1.29619
-0.249147
-0.0435996
2.16005
-1.01833
-0.808221
-0.151104
0.0040711
1.41204
0.562368
-1.46807
-1.23591
-0.524732
-2.07077
1.93571
1.59655
0.439534
1.35293
0.077271
2.34433
-0.00113172
-0.972643
0.976862
0.681741
0.742873
1.50576
0.604885
-0.443366
0.704926
3.56369
-0.198279
-0.562534
0.831361
1.2509
1.18251
0.717501
-1.82131
-3.39317
0.930887
2.71107
-0.696971
1.22247
-2.76688
1.96753
2.73207
-2.14464
-2.62436
0.894218
0.000204062
-0.2719
-0.742767
1.16442
0.33341
-1.18722
1.58514
0.140467
-0.0842498
-0.368134
1.69593
-0.316349
break
-0.0149353
-0.889072
0.0669825
-2.24968
-0.152831
-0.126597
-0.0445802
1.59297
2.20482
-1.3501
-0.619022
-0.471299
-0.0349174
1.07823
0.172641
-0.553425
-0.552652
-1.47057
-2.00921
0.912651
1.2315
0.223318
0.520138
-0.0198173
1.90921
0.966114
-0.842562
0.486173
0.507108
0.390033
0.930941
0.491113
0.502244
0.885338
2.47378
-0.43189
-1.1628
0.430749
0.661877
1.43826
0.784769
-1.91471
-1.97233
0.942646
2.36475
-1.17695
2.08908
-1.13477
0.856676
2.5049
-1.89761
-1.89063
1.39669
-0.471914
-0.464237
-1.24692
0.940075
1.2786
-1.95154
0.760261
0.159503
0.517451
0.269862
0.948875
0.3372
break
0.252565
-1.40193
-0.00536915
-1.234
-0.98736
-1.09699
-0.0609137
0.736081
3.11139
-1.96681
-0.679934
-1.09287
0.048713
0.533014
0.289639
-0.466742
-1.09725
-1.13748
-2.08971
1.44636
0.906261
0.534948
1.28143
0.288706
1.17147
-0.328003
0.174435
0.59459
0.13248
0.663592
0.921767
0.758846
-0.18947
0.174565
2.37459
0.106605
-0.2915
1.53347
1.14013
1.95247
0.515614
-1.90704
-2.63517
0.453065
1.87911
-0.144958
2.21868
-1.05588
0.374215
2.39272
-2.54285
-1.47465
1.65343
0.512163
-0.25802
-1.00131
0.815488
0.628273
-2.68357
1.43619
-0.32773
-0.609257
0.562552
1.1217
0.322143
break
-0.450088
-1.21784
0.796293
-2.20793
0.846566
-1.07966
-0.376807
0.250263
2.56079
-1.04402
-1.64082
0.0198931
0.542336
1.187
0.0306392
-0.287685
-0.942253
-0.28116
-1.72922
1.46021
1.27492
0.345816
1.3797
0.210921
2.68553
0.896415
-0.84053
1.12252
0.650953
0.497986
1.48549
0.325551
0.240799
0.157673
2.67094
0.209181
-0.344603
-0.123391
0.651009
1.26086
0.979482
-1.76675
-2.33015
0.465421
1.24527
-1.15978
1.91193
-1.71332
1.37633
2.51065
-2.316
-2.84315
1.39426
-0.588355
-1.05585
-0.987467
0.908035
1.17136
-0.90405
0.610848
-0.65802
0.216615
-0.212733
1.06008
-0.494624
break
-0.585545
-1.22416
1.10273
-2.01854
1.06732
-0.941788
-0.204806
0.189471
2.52208
-0.860419
-1.53751
0.0118676
0.660125
0.853443
0.0521664
-0.453286
-0.826615
-0.328502
-1.52743
1.60768
1.32072
0.554429
1.34061
0.390563
2.74131
0.808493
-0.97181
1.07472
0.779268
0.64376
1.37118
0.215198
0.297918
0.33062
2.93869
0.169955
-0.412244
-0.016359
0.472464
1.41256
0.889009
-1.62403
-2.49867
0.454553
1.35784
-1.05684
2.15735
-1.33187
1.30481
2.64549
-2.26159
-2.54238
1.18712
-0.522464
-1.08041
-1.06876
1.01647
1.23531
-1.2244
0.614576
-0.317512
0.0375269
-0.223175
1.12222
-0.496492
break
-0.763644
-1.53215
0.461832
-1.79756
0.781875
-0.887001
-0.248695
0.570927
2.18795
-0.904326
-1.47764
-0.658348
0.429355
-0.137195
-0.558363
-1.5197
-0.43307
-0.780501
-1.51792
1.21298
2.24969
0.722253
1.01155
0.339627
2.40691
-0.134256
-1.37157
0.418313
-0.0676823
0.986082
0.944111
1.51347
-0.274572
1.10068
2.55566
0.0279241
-0.944407
-0.0357961
1.40204
1.6138
1.03344
-1.97863
-2.57147
1.45964
2.03373
-0.682729
2.294
-1.73023
1.63491
2.25611
-2.0974
-2.38105
-0.140792
-0.24137
-0.597341
-0.966001
0.733932
0.521175
-1.1297
1.2959
-0.127153
0.499372
-0.261129
1.36174
-0.221362
break
0.225965
-1.21569
0.0292833
-1.44382
-0.642374
-0.69625
-0.468447
0.371328
3.13439
-1.7404
-0.460048
-0.498602
-0.209029
0.675858
0.279919
-0.580712
-0.998179
-1.00952
-1.87499
1.29208
0.645255
0.410565
0.892316
0.175242
1.48504
-0.286184
-0.0611555
0.637489
-0.169638
0.348924
0.541993
0.64959
-0.551866
0.400638
2.70919
-0.220879
-0.3225
1.08537
1.22629
1.73683
0.882395
-1.7757
-2.47408
0.483551
1.7959
-0.572447
1.97816
-1.0927
0.44593
2.63012
-2.8107
-1.56907
1.22911
0.31504
-0.204462
-1.20965
0.658143
0.88913
-2.40304
1.14409
-0.485576
-0.57442
0.934429
1.01294
0.0375697
break
-0.952053
-1.49784
0.590131
-1.96472
0.647191
-0.888762
-0.132478
0.712577
2.08481
-1.33787
-1.53371
-0.506851
0.128685
0.125245
-0.307197
-1.39374
-0.692796
-0.551895
-1.61335
1.43006
2.17541
0.488531
1.14094
0.130049
2.27264
-0.208441
-1.2467
0.582039
-0.00397746
0.53098
0.861402
1.49812
-0.0190376
0.996295
2.67463
0.179604
-0.799698
0.0680617
0.996268
1.22799
1.21406
-1.85101
-2.55482
1.23065
2.03975
-1.2761
2.10767
-1.66437
1.79759
2.51161
-1.98494
-2.22428
0.274484
-0.265603
-0.753534
-0.983036
0.923511
0.715191
-1.13188
1.46751
-0.340838
0.282832
-0.220463
1.02411
-0.414241
break
0.0394396
-1.05479
0.488983
-2.87495
0.0349456
-0.223115
-0.8971
1.17632
2.52516
-1.72991
-1.17912
-0.342105
-0.363773
0.334057
0.396986
-0.355912
-0.56848
-1.24893
-2.09543
1.14179
2.43748
-0.365003
1.17698
-0.756398
1.50892
0.686071
-0.979473
0.682145
0.527022
0.0324958
1.22047
0.718875
0.158333
0.452621
1.97082
-0.12826
-0.637154
0.598497
-0.133209
0.769511
-0.106626
-2.03771
-2.97258
0.607524
2.19141
-0.711329
1.93733
-1.48234
0.847215
2.02528
-1.45844
-2.14861
1.23946
0.088176
-0.681748
-1.49402
-0.0421381
1.40883
-2.43079
1.05214
0.0565105
0.633523
-0.050256
1.09503
0.794562
break
-0.103048
-1.2564
0.207452
-2.17314
-0.141949
-0.26603
-0.285051
1.48086
2.33193
-1.63484
-0.555928
-0.371027
0.113557
1.24199
0.252282
-0.56589
-0.521218
-1.34336
-2.02881
0.921732
1.13795
0.299979
0.718976
0.0561877
1.78822
0.761938
-0.614416
0.61997
0.519466
0.52253
0.659036
0.640592
0.591162
0.729528
2.46598
-0.568851
-1.15875
0.673203
0.643951
1.39578
0.826818
-2.08584
-2.56901
0.841335
2.35065
-1.07519
2.00355
-1.13921
0.811293
2.49768
-1.75222
-2.20466
1.3081
-0.974282
-0.568182
-1.31435
0.888325
1.33853
-2.01485
0.979982
-0.00941393
0.565653
0.0507053
0.812756
0.362803
break
0.297485
-1.43836
-0.165109
-1.43045
-0.956453
-0.994525
-0.458258
0.772647
3.12795
-1.72068
-0.584592
-0.916942
0.110127
0.419947
0.182347
-0.549016
-1.01105
-1.15837
-2.15185
1.03908
0.805137
0.238837
1.02174
0.0815952
1.2259
-0.163843
0.210847
0.527866
0.205829
0.718398
0.571194
0.796134
-0.208893
0.304928
2.60316
0.100723
-0.683314
1.42229
1.27405
1.85501
0.705562
-1.7229
-2.58331
0.527424
1.8357
-0.451177
2.10568
-1.32367
0.593111
2.64258
-2.43048
-1.32168
1.35879
0.387946
-0.140025
-1.1201
0.835273
0.522868
-2.54385
1.44853
-0.274319
-0.741366
0.674817
1.07559
-0.0421932
break
-0.679491
-1.19048
0.722614
-1.33108
0.629841
-1.16194
-0.379296
0.773036
2.21022
-1.64637
-1.4962
-0.211008
0.307241
0.0416959
-0.400604
-1.37713
-0.619295
-0.310979
-2.15469
1.57028
2.19071
0.396732
0.804329
0.658473
2.24164
0.115255
-0.881536
0.490621
0.122112
0.338219
1.11495
1.63474
0.031675
0.635776
2.39516
-0.0383648
-0.284851
0.214389
0.903178
1.24263
1.1005
-1.5461
-2.41297
1.14779
2.14991
-1.23277
1.91792
-1.42117
1.61503
2.41081
-1.6585
-2.19854
0.315039
0.017797
-0.820419
-0.965417
1.07488
1.02395
-1.43259
1.53509
-0.22375
0.292604
0.112226
0.795387
-0.295996
break
