0.391365
-0.288347
1.57795
2.0704
0.166762
-1.04091
-1.32071
-0.0635978
2.69603
0.0381038
-0.859226
2.13291
0.789265
-0.118782
-1.12893
-1.35151
-1.19564
0.809511
-2.14501
-0.483378
3.20919
1.02685
1.54126
-2.49306
1.70141
0.301552
1.27164
1.89506
-2.12404
0.938672
1.69731
1.46834
-0.0371994
-1.60024
2.58956
-0.876801
-1.34533
0.0579964
0.766342
0.732005
2.0027
-2.36609
-2.89305
0.273728
0.473778
-0.292466
1.04683
-3.98016
1.05255
0.429337
-1.83009
-2.53049
1.10034
-0.862686
-0.746417
-0.781145
-0.131268
1.80092
-0.406364
2.51758
0.00265773
0.663448
-0.333987
0.393131
1.41265
break
0.218625
-0.186405
1.89568
2.14107
0.310127
-1.20018
-1.66774
0.307332
2.39787
-0.16308
-0.474222
2.0952
0.748585
-0.688963
-0.902552
-1.26221
-1.49637
1.17864
-1.91249
-0.35325
3.24467
1.62195
1.03669
-2.63787
1.46497
0.293738
1.03396
1.91793
-2.29225
0.623173
1.64316
1.73013
0.278802
-0.868765
2.65258
-0.951408
-0.936286
0.23222
1.01243
0.501545
2.22018
-2.13293
-3.13711
-0.0339335
0.466781
-0.441466
0.927066
-3.93362
0.942912
0.824908
-1.53836
-2.7281
0.438103
-1.04558
-1.40152
-0.699551
0.197823
1.39637
0.100817
2.39949
-0.110853
0.434783
-0.215676
0.118655
1.88759
break
0.0533756
-0.128263
1.68491
0.511913
1.0274
-0.454104
-0.0272601
0.725758
2.65506
-0.359251
-0.725047
2.8909
0.371323
0.163645
-0.485451
-1.10162
-0.882699
0.799195
-1.74321
1.2039
2.66034
-0.85972
1.74047
-2.01982
1.71344
-0.412264
1.07918
0.293071
-1.50709
1.00872
1.59707
2.60729
-0.265173
-0.69025
1.70181
-1.18734
-1.63015
0.27136
-0.0542456
0.864905
2.32597
-2.37771
-3.81931
-0.183462
0.235653
0.789879
1.0369
-3.56881
0.593583
0.0413785
-2.40866
-2.64885
-1.11879
-1.12395
-0.15131
-1.1272
-0.754422
1.40577
-0.664785
2.29148
-0.974899
1.88123
-0.122059
-0.690743
1.36835
break
0.0507756
-0.168275
1.25132
0.548717
0.492867
-0.171086
0.352391
0.834959
3.15122
-0.811425
-0.557446
2.96203
0.038769
0.168513
-0.736787
-0.665636
-1.21592
0.330683
-1.39589
0.916474
2.56927
0.161083
2.03368
-2.59162
1.31475
-0.545172
0.900164
0.989492
-1.46175
0.43151
1.81739
2.38444
-0.396652
-1.65258
2.05587
-1.84148
-1.87882
-0.285467
1.16499
0.948306
2.43378
-2.18874
-4.38185
0.243129
0.235198
0.269604
1.13314
-3.95964
0.528111
0.060045
-2.63561
-2.73381
-0.486307
-1.62031
-0.153596
-0.519787
-1.00765
1.05143
-0.29017
2.63189
-0.729819
1.61672
-0.817534
-0.437991
2.05891
break
0.035552
-1.03571
0.266888
1.75751
0.830462
-0.157246
-0.728483
0.961224
2.4867
-0.718267
-1.30314
2.02159
1.21479
-0.0963071
-1.07707
-0.142177
-1.59236
-0.720743
-2.37475
0.358021
1.29973
0.901505
1.77766
-2.86708
0.871931
-0.731025
0.83257
3.20948
-1.93893
-0.535689
2.13599
1.02723
-0.666151
-0.818213
2.69045
-0.821578
-0.45116
-0.161023
0.987418
0.530293
1.0355
-3.46632
-3.39618
-0.852726
-0.578699
-0.586006
1.49019
-3.09245
0.317
0.526483
-3.96501
-2.80509
1.01278
-0.386515
-1.24123
-1.00599
-0.159923
1.16701
-0.905992
3.17821
-0.818134
0.0719007
1.14087
-0.978522
1.26466
break
-0.0689694
-0.220202
1.44013
0.50188
0.655087
-0.529544
-0.0721818
0.548462
3.00058
-0.445129
-1.003
2.76042
-0.102955
0.440539
-1.04514
-0.12418
-1.62386
1.17249
-1.2834
0.998141
2.42697
0.251961
1.84011
-2.45534
1.36744
-0.42695
1.25558
1.07756
-1.46303
0.615409
0.975636
2.13666
0.0549903
-1.75964
1.80678
-1.87613
-2.09462
-0.0683801
0.672079
1.17645
2.34144
-1.68284
-4.07312
0.0356633
-0.0525587
0.550357
0.841069
-3.90897
0.572625
0.550247
-2.57203
-2.45124
-0.474681
-1.82822
-0.214475
-0.950196
-1.06013
0.594969
-0.0777832
2.7517
-0.585407
1.43279
-0.587235
-0.191567
1.89586
break
-0.108173
0.0905509
1.11475
0.735601
-0.170696
-0.541932
0.279845
0.4504
3.75893
-0.710642
-0.351066
2.61192
0.283813
0.482712
-1.21295
-0.323852
-1.21096
0.48162
-1.73328
1.17151
2.13361
0.252793
1.60666
-2.35251
1.19055
-0.961012
1.0924
0.995785
-1.21175
-0.00318396
1.76398
2.4426
0.0976471
-1.00279
1.88276
-1.9143
-1.33356
0.0076662
1.4388
1.06254
1.8712
-1.01836
-4.08497
-0.275281
0.1891
0.452737
1.67048
-4.28448
0.18541
0.481067
-2.91025
-2.59098
-0.648394
-1.64427
-0.345027
-1.19713
-1.01498
1.12314
-1.0881
2.2418
-0.386026
1.16811
-0.289267
-0.504992
1.98984
break
-0.108258
0.0490802
1.90082
1.13714
-0.149135
-0.616019
0.321956
0.821424
3.44067
-0.613684
-0.316998
2.98547
0.360178
0.38308
-1.15462
-0.371557
-1.48587
0.718244
-1.56189
1.2229
2.55197
-0.116242
1.55465
-2.50307
1.47042
-0.718378
0.944522
0.907642
-1.43499
0.357314
1.4887
2.09586
0.113936
-0.989135
2.12515
-1.67787
-1.7032
-0.361975
1.30823
0.531698
2.48283
-1.0428
-3.802
-0.278991
-0.067582
0.454092
0.871233
-4.07969
0.135468
0.0582209
-2.67657
-2.95905
-0.58036
-1.59559
-0.349043
-1.26673
-1.27714
0.713133
-0.868073
2.42192
-0.641277
1.87932
-0.305907
-0.14753
1.8977
break
-0.206472
0.209928
1.24612
1.3602
0.368971
-0.50105
-0.943048
0.591927
3.02399
-0.00623838
-0.152287
2.98908
0.16067
0.0509872
-0.74467
-1.20599
-1.54513
0.716827
-1.89851
1.6473
2.70002
-0.208275
1.92997
-2.81471
1.2274
-0.565744
1.6105
-0.00157477
-1.87292
1.68647
1.62593
2.83334
-0.187268
-0.753247
1.32616
-1.12414
-1.62183
0.560557
0.44834
0.762076
2.60221
-2.26375
-3.83376
0.0660541
0.341298
0.328913
1.09644
-3.94985
0.752313
0.150491
-2.37075
-2.69659
-0.379537
-1.2946
-0.0915659
-1.38072
-0.30681
1.30354
-1.33181
1.74737
-0.82888
1.87777
-0.339801
-0.826941
1.6998
break
-0.358335
-1.08379
0.611052
1.43882
1.01975
0.0441689
-0.365826
0.200335
2.8528
-0.495361
-0.806329
2.04473
1.76795
0.164892
-0.714648
-0.581884
-2.09658
-0.599851
-2.36017
0.4062
1.51867
0.794221
1.55358
-2.33212
1.38216
-0.700715
0.85657
3.50844
-1.89669
-0.462884
2.23269
1.4433
-0.818974
-0.639536
2.38039
-0.85945
-0.0637036
-0.27044
1.11923
0.735563
0.937718
-2.14958
-3.71566
-0.882633
0.347828
-0.514378
1.33366
-3.04969
0.407009
0.302923
-4.26137
-2.55495
0.82313
-1.0242
-1.03264
-0.968854
-0.134004
1.17936
-0.596422
2.98885
-0.436863
0.238852
0.879082
-1.02935
0.368973
break
-0.432657
0.0195924
1.21646
1.1008
0.310605
-0.662468
-0.263063
0.503753
3.06215
-0.194173
-0.561129
2.76871
0.47578
0.181148
-1.04211
-1.06434
-1.6314
0.466058
-1.63332
1.2972
2.32263
-0.333267
1.68197
-3.02535
1.59457
-0.478748
1.28636
0.312078
-1.57245
1.70515
1.66276
2.8321
-0.717287
-1.05219
1.67709
-1.45034
-2.12231
0.462743
0.115155
0.999558
2.08363
-1.98808
-3.70017
0.162403
0.733276
0.728587
0.566228
-3.84989
1.22605
0.448256
-2.55289
-2.68135
-0.34242
-1.25362
-0.00535704
-1.45153
-0.4815
1.27209
-1.38193
2.52758
-1.16652
1.80842
-0.0799655
-1.00123
1.70211
break
-0.46274
0.210904
1.28607
0.45917
0.600348
-0.660751
-0.204498
0.909967
3.12103
-0.146978
-0.687587
2.79395
0.129823
0.203905
-0.458069
-1.09915
-0.990164
0.0425958
-1.95454
1.70972
2.76444
-0.351223
2.07841
-2.16328
1.74195
-0.825683
1.19088
0.0535362
-1.69878
0.977257
1.95328
2.72798
-0.224033
-0.532751
1.56438
-1.4322
-1.79382
0.804928
0.449694
0.903824
1.9576
-2.18411
-3.80394
-0.0182713
-0.214449
0.70174
1.0619
-3.43929
0.857291
0.243601
-2.12734
-2.6693
-0.618779
-1.03584
0.201728
-1.59059
-0.875969
1.57218
-0.635256
2.61004
-0.818668
1.29407
-0.250888
-0.878407
1.57855
break
-0.498501
-0.272716
1.55935
1.40077
-0.10823
-0.865982
-1.47143
-0.209398
2.96798
-0.724087
-1.04363
2.23667
0.689231
0.209575
-1.40854
-1.23642
-1.30288
0.674757
-2.2541
-0.0310126
2.58104
0.740974
1.34323
-1.85452
1.63355
-0.133942
1.00475
1.8297
-1.47806
0.209182
1.98415
1.14195
-0.301207
-0.54925
3.03481
-1.24067
-1.04785
0.34628
1.62165
1.27002
1.24784
-1.83832
-3.10065
0.41678
0.833629
-0.390209
1.6502
-2.79948
1.44661
-0.0920067
-1.99586
-1.82256
1.00406
-0.414327
-0.988391
-1.42975
0.0614495
0.489807
-0.769545
2.86853
-1.03586
1.2042
0.0850714
-0.651359
1.87653
break
-0.498565
-0.258144
2.05237
0.56471
0.241546
-0.236445
0.304298
0.827139
3.13106
-0.950875
-0.746261
2.68431
0.41973
0.416014
-1.30956
-0.619374
-0.986363
0.604003
-2.02414
0.911425
2.47472
0.373083
1.62805
-2.38748
1.23536
-0.160258
1.22945
1.22531
-1.77599
0.406324
1.52844
2.39709
-0.000110507
-2.17451
2.08115
-1.73241
-1.78039
-0.0892306
0.824755
0.332152
2.30525
-1.66886
-4.36702
-0.235583
-0.310543
0.565559
0.900046
-3.97506
0.409738
0.258943
-2.48419
-2.57998
-0.616528
-1.15093
0.147732
-1.12167
-1.08628
1.10976
-0.311199
2.62794
-1.24458
2.35841
-0.681704
0.199516
2.09201
break
-0.50725
-0.198207
1.7326
1.86894
-0.015106
-0.625469
-1.6814
-0.295176
2.06721
-0.741133
-1.22243
2.297
0.376717
0.118388
-0.900461
-0.645483
-1.46423
1.1379
-1.8111
-0.574628
2.94573
1.19127
1.03564
-1.67316
1.91718
-0.505798
0.880855
1.18717
-1.64542
0.0199548
2.10838
1.26405
-0.073719
-0.758801
3.21674
-1.37819
-0.725537
0.409374
1.74608
1.39893
1.79655
-2.07717
-2.8225
0.280318
0.654507
-0.0953403
2.0137
-3.48184
1.45692
0.295858
-2.04134
-1.13766
0.636614
0.0172458
-1.05647
-1.69505
-0.154185
0.42992
-0.550157
2.82169
-1.15256
0.768612
0.34468
-0.5309
2.24286
break
-0.529633
0.176317
1.47196
0.698183
0.294617
-1.11891
0.129871
0.692486
3.08845
-0.253248
-0.760786
3.15383
-0.0847985
0.262987
-0.707759
-1.21569
-1.27101
0.334322
-1.58759
1.21255
2.56993
-0.199092
2.47631
-2.46621
1.28152
-0.200612
1.19951
0.314103
-1.24082
1.52294
1.33161
2.49642
-0.687234
-0.683557
1.41532
-1.40928
-1.52508
0.245229
0.244344
0.637213
2.13762
-1.5733
-3.77127
0.482631
0.135253
0.994634
1.02727
-3.82486
0.570482
0.290672
-2.44277
-2.98364
-0.909716
-1.6091
-0.0506996
-1.51545
-0.352152
1.89764
-0.879454
2.46075
-1.05917
1.85982
0.0589563
-0.410689
1.81231
break
-0.604064
0.278341
1.45059
0.81747
0.30923
-0.644184
0.0670883
0.815823
2.60147
-0.891301
-0.572667
2.68241
0.0886108
0.0846732
-0.392075
-0.148109
-0.672869
0.0575929
-1.63869
1.24857
2.23928
-0.134973
1.91683
-2.3194
1.78955
0.0417556
0.842523
0.964749
-1.68566
0.0362054
2.03612
2.47192
0.638852
-0.51951
1.69529
-1.38101
-2.02455
0.329259
0.433957
1.34803
2.5829
-1.61647
-3.52578
-0.208763
0.52142
0.818546
0.459725
-3.40881
0.715123
0.568292
-2.34837
-2.3535
-0.228495
-2.07207
0.050733
-1.28645
-1.22713
1.28373
-0.116952
2.07307
-1.4695
1.73059
-0.432659
-0.42659
2.19443
break
-0.607746
-0.157165
1.70948
0.619226
-0.599633
-0.143923
0.372894
0.995909
3.1796
-0.6091
-0.010848
2.63278
0.550989
0.692128
-0.988133
-0.498778
-0.991234
0.991143
-1.16512
0.742436
2.84679
0.302953
1.59129
-2.84113
1.71225
-0.272287
1.36049
1.02868
-1.22255
0.383891
1.50424
1.5818
0.0847301
-1.69705
1.97266
-1.9586
-2.1938
0.142931
0.941424
0.222316
2.12695
-1.87643
-4.83899
-0.0348435
-0.0739389
0.485185
0.832035
-3.42913
0.522963
-0.147951
-2.29741
-2.27823
-0.401925
-1.65793
-0.328613
-0.936314
-1.00337
1.58767
-0.391127
2.19536
-1.08663
2.30407
-0.658638
-0.0135811
1.87069
break
-0.755393
-0.85194
0.598548
1.3357
1.39661
0.222367
-0.222159
0.730805
2.71536
-0.219126
-1.30062
2.02358
1.97663
0.654027
-0.93172
-0.715273
-1.7929
-0.315289
-2.01984
-0.0827233
1.86691
1.04633
1.58814
-1.8637
1.32767
-0.328037
0.547615
3.34998
-1.75181
-0.371491
2.07702
1.39703
-0.729296
-0.722464
2.49308
-1.19054
-0.241461
-0.317189
1.04586
0.497624
0.661137
-2.37514
-3.30918
-0.764725
0.391178
-0.174242
1.14308
-3.42421
0.42875
-0.0179087
-4.5069
-2.25085
0.66758
-0.729657
-0.958014
-0.867093
0.00363283
1.24608
-0.577289
2.90943
-0.399137
0.0691432
1.18483
-0.994991
0.64219
break
-0.818285
0.697937
1.94511
0.610006
0.907207
-0.733082
0.0445943
0.668675
2.8929
-0.673671
-0.233043
2.44958
0.295899
0.927551
-0.473673
-1.45268
-1.0356
-0.0746352
-1.57372
1.45122
3.02599
-0.348116
2.08754
-1.90161
2.10499
-0.213055
1.23954
0.947728
-2.08962
1.17714
2.0171
2.8285
-0.527259
-0.970098
1.65176
-1.35828
-1.83594
0.563398
0.341185
0.992912
2.31564
-2.26811
-3.37527
0.000343804
-0.169433
0.0459864
1.15558
-3.30683
0.546898
0.8259
-2.56545
-2.77823
-1.0641
-1.31769
-0.255291
-1.61868
-0.747154
1.19142
-1.03287
2.50429
-1.21877
1.0842
0.153132
-0.402339
1.07186
break
-0.866713
-0.384849
0.946071
0.607792
-0.0728852
-0.629737
-0.351638
0.707109
2.80523
-0.561166
-0.142257
2.55035
0.988163
0.380995
-0.835372
-0.632584
-1.09512
0.799332
-1.82107
1.70133
1.88807
-0.106203
1.73706
-2.35875
1.88921
-0.744006
0.227789
2.21699
-1.66888
0.743056
1.93848
1.76625
-0.177266
-1.03044
0.826262
-1.11421
-0.420434
-0.573201
0.861361
1.13458
1.81118
-1.85236
-3.70514
-0.465374
0.812487
0.125052
0.989798
-4.84855
1.23423
0.606359
-2.25191
-3.21174
0.403491
-1.71257
-0.705909
-1.69327
-0.273953
1.01206
-0.0316522
1.71263
-1.16333
2.16132
0.566573
-0.931339
0.819328
break
-0.900786
0.177312
1.95837
0.510214
0.801553
-0.560246
-0.329445
0.971171
2.59799
-1.11695
-0.81039
2.34082
0.365858
0.0414779
-0.260164
-0.276847
-0.598145
0.646891
-1.4658
1.18215
2.45491
-0.298271
2.16465
-2.39093
1.93469
-0.0812192
0.883095
0.939055
-1.29831
0.276333
1.84479
2.2643
-0.071378
-0.790602
1.44791
-1.8087
-1.756
0.0313359
0.641565
0.940096
2.13188
-1.4225
-4.003
-0.0295568
0.535847
0.642619
0.388369
-4.09115
0.923627
0.875744
-2.3738
-2.53075
-0.702408
-2.01314
-0.057541
-0.580897
-1.32309
1.28039
-0.361214
1.97544
-1.25503
1.74735
-0.121474
-0.23258
2.12015
break
-1.05636
-0.00882738
1.19094
0.6261
-0.017404
-0.888345
-0.209004
0.327509
2.83069
-0.939505
-0.0429574
2.70436
1.07584
0.127124
-1.11847
-0.776455
-1.08428
0.790953
-1.95442
1.68987
2.3454
0.223925
2.10642
-2.18101
1.94893
-0.766408
0.346332
1.62227
-1.56087
0.363308
1.8737
1.66697
-0.307527
-1.02768
1.23347
-1.49419
-0.347415
-0.657463
0.901726
1.5562
1.93962
-1.30369
-3.89878
-0.223543
0.369724
0.314963
1.01127
-4.81759
1.0954
0.541132
-2.20795
-3.07968
0.103726
-1.86851
-0.565512
-2.08321
-0.440793
0.881603
0.332814
1.60528
-1.15326
2.01459
0.773464
-0.883646
0.48765
break
-1.17685
-0.00433775
0.896794
0.160457
-0.0635005
-0.716936
-0.345054
0.746417
2.92777
-1.15141
-0.411097
2.54591
1.11789
0.315435
-1.06826
-0.639642
-1.01853
0.823369
-1.9458
1.76599
2.24805
0.0463084
2.25381
-1.86664
1.67329
-0.467518
0.0660315
2.05597
-1.89542
0.812848
1.75377
2.23352
-0.379388
-0.632976
1.54557
-1.38456
-0.796507
-0.839449
1.09816
1.17094
1.97383
-1.36735
-3.78133
-0.358645
0.700058
0.346734
0.911874
-4.74524
0.563436
0.493071
-2.11109
-2.54657
0.24197
-1.80973
-0.734347
-1.57048
-0.499505
0.194838
0.0143323
1.95362
-0.967327
1.94986
0.467879
-0.637839
0.75309
break
-1.42841
0.32276
1.65704
0.59606
-0.081186
-0.500414
-0.393502
0.856509
2.61744
-0.205615
-0.126253
2.34662
0.571373
0.389205
-0.976339
-0.902567
-0.981787
0.612376
-1.47397
1.64891
2.93738
-0.64576
1.83904
-2.37988
2.06597
-1.37489
1.04521
0.116873
-1.87141
0.911514
1.31199
2.70847
-0.769971
-1.39362
1.99269
-0.688517
-2.05387
1.00234
-0.0528582
1.13221
2.80046
-1.56085
-3.64935
0.169045
1.22337
0.968633
1.45286
-4.50509
0.751181
0.133083
-1.78728
-2.20758
-0.859085
-1.23729
-0.0419639
-2.3279
-1.23622
0.931159
-0.706484
2.80994
-0.437817
1.24852
-0.0817796
-0.874097
1.43165
break
-0.541518
-0.0723191
1.38745
0.907241
0.389273
-0.694938
-0.196889
0.709535
3.03194
-0.404058
-0.389748
3.01071
0.106168
0.210914
-0.753882
-1.08574
-1.33795
0.372878
-1.79648
1.49747
2.4685
-0.156715
1.95788
-2.40118
1.59783
-0.546479
1.07666
0.250737
-1.56532
1.3353
1.70226
2.73721
-0.573593
-0.823208
1.48806
-1.42959
-1.82077
0.489674
0.292496
1.00699
2.06847
-1.95889
-3.72268
0.134025
0.381693
0.585849
1.10779
-3.76688
0.770584
0.255353
-2.35674
-2.67744
-0.477901
-1.3823
-0.125542
-1.37961
-0.627767
1.34642
-0.890903
2.39346
-0.815446
1.7746
-0.323027
-0.710507
1.54912
break
-1.37412
0.32621
1.70692
0.695896
0.129302
-0.720548
-0.263173
0.919241
2.6524
-0.0644084
-0.181424
2.37685
0.58749
0.325707
-0.987039
-0.796315
-1.1051
0.603417
-1.39018
1.90122
2.80949
-0.675428
1.7979
-2.27068
1.98189
-1.29238
1.2084
0.396521
-1.56569
1.26241
1.04623
2.6615
-0.666193
-1.28638
2.06411
-0.824884
-2.1221
0.859718
-0.122155
1.04035
2.80475
-1.63947
-3.72269
0.285862
1.20349
0.974087
1.30992
-4.27455
0.544477
0.140949
-1.77293
-2.22073
-0.924014
-1.15193
0.219715
-2.15943
-1.24114
1.00837
-1.03333
2.63826
-0.580733
1.47355
-0.239414
-0.713743
1.27165
break
-0.322797
0.093474
1.85312
0.972928
-0.156503
-0.706877
0.332024
0.678513
3.59453
-0.579351
-0.510098
2.81198
0.299899
0.478614
-0.880778
-0.394326
-1.29393
0.720267
-1.58153
1.10113
2.39335
-0.0116812
1.531
-2.36304
1.29994
-0.472732
0.855304
1.08813
-1.34564
0.321321
1.72792
2.26905
-0.0382931
-1.16308
2.094
-1.61692
-1.57432
-0.219443
1.1836
0.763716
2.19043
-1.23921
-4.03231
-0.202227
0.0729379
0.653796
1.22456
-4.14808
0.245456
0.249312
-2.83795
-2.72087
-0.599859
-1.52494
-0.284306
-1.2254
-1.36899
0.943343
-0.774154
2.23678
-0.562413
1.65345
-0.482374
-0.313918
2.01031
break
-0.543311
0.510022
1.59138
0.497421
0.455633
-0.958143
-0.700092
0.898376
3.33994
-0.522358
-0.51504
3.12311
0.368283
0.28928
-0.603546
-1.02558
-1.11724
0.242856
-2.14736
1.88872
2.36714
-0.40082
2.4451
-2.01064
1.77873
-0.852729
1.4895
-0.00269393
-1.49278
1.03731
1.88047
2.62493
-0.307058
-0.760666
1.72954
-1.37767
-1.75503
0.998478
0.570268
0.990985
2.0337
-2.47665
-4.09984
0.037759
0.17727
1.0562
1.21848
-3.77491
1.33282
0.326462
-2.45685
-2.60521
-0.464512
-0.852543
0.306751
-1.54045
-0.717441
1.51192
-0.451183
2.7051
-0.641541
1.73446
0.0156152
-0.694372
1.4918
break
-0.693612
0.287104
1.66398
0.507284
0.672097
-0.725999
0.042361
0.978189
2.4983
-0.818066
-0.550348
2.60051
0.350396
-0.158762
-0.378839
-0.381432
-0.612629
0.427997
-1.58403
1.12609
2.64523
-0.429571
2.08941
-2.29729
1.9248
-0.0393504
0.76082
0.984306
-1.41795
0.417325
1.79317
2.22875
-0.0476134
-0.634553
1.39637
-1.80334
-1.6508
0.0972567
0.510039
1.11542
2.07312
-1.49949
-3.92048
-0.105463
0.450651
0.711851
0.450077
-4.02104
0.766402
0.707128
-2.36576
-2.48674
-0.537463
-2.03559
-0.0426871
-0.900333
-1.02953
1.31752
-0.323697
1.96094
-1.35036
1.81111
-0.269136
-0.373435
1.92084
break
-0.37596
-0.0851806
1.80177
0.554719
0.200754
-0.449975
0.221045
0.771834
3.23888
-0.860993
-0.553046
2.86296
0.152434
0.555519
-1.10957
-0.572821
-1.10013
0.701918
-1.533
0.889873
2.59371
0.114882
1.61143
-2.34578
1.35972
-0.213494
1.13243
0.97043
-1.62388
0.388069
1.5146
2.415
-0.202228
-1.77951
1.92901
-1.8002
-1.94493
0.0500943
0.699824
0.592123
2.18937
-1.68711
-4.29507
-0.166086
-0.419324
0.421693
0.832431
-3.90955
0.586992
0.223698
-2.585
-2.63245
-0.550981
-1.366
-0.14225
-0.89792
-1.19024
1.08974
-0.280063
2.56644
-0.916995
2.09552
-0.654966
0.0815428
2.19528
break
-0.136282
-0.915527
0.329165
1.83183
0.760461
0.0148348
-0.519184
0.738548
2.48703
-0.656658
-1.04058
2.05955
1.36352
0.0220331
-1.02781
-0.49416
-1.81163
-0.508667
-2.42809
0.335944
1.54992
1.14094
1.64385
-2.70988
0.995124
-0.859733
0.890114
3.36731
-2.03264
-0.528364
2.07697
1.33096
-0.71965
-0.579053
2.46967
-0.995363
-0.423388
0.092514
0.793381
0.468598
0.97376
-3.16321
-3.44599
-0.782498
-0.219869
-0.522595
1.49555
-3.20155
0.383318
0.642047
-4.04076
-2.71361
0.854163
-0.436891
-1.04863
-0.938144
0.126418
1.02763
-0.742034
3.12975
-0.559936
-0.110451
0.901443
-1.10011
0.868715
break
-0.670275
0.263887
1.37106
0.736516
0.573127
-0.855478
0.0118276
0.899498
2.47588
-0.932142
-0.5658
2.62343
0.200292
-0.195689
-0.261325
-0.193622
-0.631143
0.312571
-1.63269
1.27406
2.50579
-0.308203
1.88847
-2.19524
1.86616
-0.107059
0.868286
0.863529
-1.53876
0.214003
2.04798
2.25481
0.282659
-0.611063
1.38835
-1.53414
-1.6707
0.167179
0.356091
1.47056
2.26148
-1.42301
-3.90222
-0.246968
0.339913
0.690808
0.524935
-3.9649
0.697432
0.703448
-2.39922
-2.28316
-0.369265
-1.89523
-0.197436
-1.09867
-1.14147
1.09009
-0.275996
2.01533
-1.44088
1.79997
-0.560317
-0.430308
2.09302
break
-0.327
0.84214
1.45768
0.517908
0.375875
-1.00512
-0.505517
0.920346
3.40994
-0.470941
-0.460169
3.20243
0.409081
0.387492
-0.644401
-1.00365
-1.1593
0.0178151
-1.8102
1.84187
2.66076
-0.232684
2.44851
-1.91282
2.11755
-0.866781
1.73655
0.110322
-1.54926
1.00436
2.24314
2.67116
-0.195927
-0.839723
1.53374
-1.53076
-1.72364
0.956651
0.63633
1.0498
1.93381
-2.3697
-4.1308
0.0338715
0.120663
0.920629
1.20055
-4.05948
1.31846
0.327245
-2.65938
-2.76445
-0.429862
-0.933284
0.32693
-1.2175
-0.906353
1.42065
-0.185936
2.8723
-0.760523
1.83998
-0.0545409
-0.827699
1.32134
break
-0.388407
0.0289905
1.36117
0.97365
0.247306
-0.863769
0.0110882
0.645654
3.27391
-0.230641
-0.732821
2.991
0.0891024
0.350018
-0.753229
-0.902948
-1.40058
0.641134
-1.65726
1.26254
2.43031
-0.185589
2.24537
-2.48893
1.36348
-0.419882
1.01483
0.278715
-1.32008
1.46408
1.53168
2.63352
-0.622081
-0.588758
1.37856
-1.61207
-1.63091
0.306973
0.396633
0.770604
2.07242
-1.66485
-3.65664
0.369232
0.544652
0.779297
1.20391
-3.8466
0.806638
0.0792155
-2.52458
-2.89291
-0.727688
-1.62692
-0.0322849
-1.70429
-0.627054
1.53779
-0.9847
2.43232
-0.953388
1.908
-0.122401
-0.590266
1.56699
break
-0.398609
-0.880932
0.707811
1.56039
1.01825
0.04291
-0.159197
0.378258
2.76092
-0.462792
-0.940336
1.94312
1.69301
0.206387
-0.824738
-0.584345
-1.85978
-0.456764
-2.3546
0.406535
1.75061
0.83804
1.42638
-2.33492
1.32777
-0.65377
0.785976
3.40798
-1.76042
-0.475406
2.14439
1.40234
-0.822335
-0.717671
2.29808
-0.962888
-0.176027
-0.208447
0.978815
0.460816
0.787607
-2.31689
-3.62757
-0.900714
0.217349
-0.250418
1.21774
-3.06487
0.35581
0.374857
-4.00885
-2.60295
0.860259
-0.89805
-1.03877
-0.809192
-0.0750015
1.21535
-0.546822
3.10494
-0.300685
0.117254
0.946447
-0.949046
0.773869
break
-0.26102
0.0305371
1.70959
0.987995
-0.09497
-0.682628
0.501244
0.439364
3.53738
-0.556163
-0.517811
2.71079
0.133523
0.314805
-1.0329
-0.447622
-1.15074
0.754242
-1.69375
1.19484
2.40958
0.137666
1.78486
-2.40883
1.28799
-0.788562
0.9354
1.05297
-1.47047
0.0702435
1.73305
2.29817
-0.161548
-1.1946
1.81877
-1.6287
-1.53004
-0.199963
1.44594
0.900474
2.11045
-0.940543
-3.88021
-0.0873383
0.0661161
0.694028
1.43097
-4.2895
0.321705
0.449135
-2.76328
-2.59216
-0.612069
-1.4691
-0.305483
-1.24074
-1.04234
1.04844
-1.03567
2.1416
-0.361527
1.30802
-0.314661
-0.260169
1.88365
break
-0.569502
0.257883
1.43645
0.685087
0.513105
-0.75797
-0.175922
0.86492
3.24415
-0.419252
-0.428089
2.96755
-0.0121508
0.0814364
-0.600372
-1.1116
-1.0414
0.0827883
-1.85641
1.64827
2.43127
-0.275451
2.26247
-2.01314
1.6459
-0.704272
1.29103
0.214103
-1.65624
1.34366
1.87936
2.5252
-0.533972
-0.624319
1.73007
-1.45606
-1.75288
0.839201
0.656357
0.911754
2.00692
-2.19433
-3.79757
0.0612909
-0.131783
0.764161
1.10638
-3.67713
1.04979
0.284029
-2.34095
-2.6507
-0.345599
-1.03499
0.0535603
-1.47237
-0.622906
1.52591
-0.741499
2.47184
-0.838527
1.60655
-0.121342
-0.778168
1.51831
break
-0.62018
-0.196925
1.64406
0.457087
-0.511491
-0.387983
0.312958
0.862247
3.25649
-0.732266
-0.450524
2.65796
0.298647
0.516245
-1.00136
-0.429449
-0.960214
0.693356
-1.35561
0.743755
2.82749
0.366784
1.77644
-2.64993
1.48034
-0.236149
1.19358
1.1945
-1.15057
0.313625
1.46733
1.90742
0.14757
-1.83091
1.73264
-1.77864
-2.21826
0.0653166
0.897115
0.446499
2.17034
-1.68817
-4.49943
-0.141512
-0.380116
0.475448
0.615374
-3.57575
0.340609
-0.0081071
-2.45759
-2.31776
-0.347664
-1.53529
-0.0792134
-1.05459
-1.19068
1.56355
-0.333114
2.40651
-0.879842
2.32357
-0.797343
-0.0692744
1.98914
break
-1.07979
-0.0167055
1.03453
0.497798
-0.059465
-0.81828
-0.403883
0.753554
2.97569
-0.833256
-0.145372
2.59363
1.08386
0.320119
-1.01546
-0.390876
-1.15039
0.733248
-1.91246
1.92199
1.80211
-0.160896
2.02656
-2.42805
1.85037
-0.659436
0.151768
1.96394
-1.58243
0.714429
1.71333
1.96801
0.153486
-0.855542
0.965698
-1.37864
-0.287967
-0.530705
0.841199
1.25376
2.10789
-1.67457
-3.72136
-0.330735
0.755876
0.119604
0.872182
-4.73616
0.998577
0.565719
-2.32126
-3.08644
0.361547
-1.73054
-0.961697
-1.71633
-0.709145
0.942089
-0.0814902
1.61883
-1.19688
1.92082
0.433889
-0.769097
0.716866
break
-0.772693
0.514066
1.76563
0.754636
0.660826
-0.684507
-0.220598
0.893009
2.85291
-0.738358
-0.627949
2.49158
0.485668
0.642892
-0.614519
-1.47018
-0.875175
0.117987
-1.6042
1.53032
3.05557
-0.390316
2.02963
-1.96561
1.97913
-0.140003
1.30629
0.702061
-2.21944
1.35586
1.93088
2.71791
-0.684229
-0.973585
1.21077
-1.27215
-1.8863
0.494176
0.53217
0.866146
2.36477
-2.05535
-3.44118
-0.120003
0.0995822
0.338735
0.959085
-3.84248
0.631065
0.575717
-2.46248
-2.79097
-0.910618
-1.40555
-0.175023
-1.47644
-0.620542
1.31324
-0.684598
2.57937
-1.26944
1.33614
0.178836
-0.634956
0.972607
break
-0.994088
0.0305526
1.02492
0.374495
-0.0933002
-0.717611
-0.339627
0.699768
3.00996
-1.12447
-0.101737
2.71905
0.921713
0.219091
-1.03053
-0.661261
-1.03761
0.863453
-1.88584
1.51861
1.98687
0.0683267
2.10433
-2.37826
2.01803
-0.531086
0.259592
1.84032
-1.48723
0.561356
1.80452
1.82122
-0.189752
-0.850382
1.13492
-1.53339
-0.359648
-0.534936
0.945437
1.59336
2.0226
-1.48933
-3.70716
-0.342539
0.633711
0.382388
1.01789
-4.6645
0.922873
0.393176
-2.38893
-2.97894
0.372718
-1.80999
-0.614832
-1.84671
-0.513757
0.830163
0.266946
1.6245
-1.11847
1.9375
0.652518
-0.736027
0.760393
break
-1.14053
0.0687313
0.923655
0.326853
-0.0956121
-0.884074
-0.468596
0.740513
3.16993
-1.17615
-0.518207
2.51594
0.945827
0.354696
-0.716754
-0.678328
-1.10583
0.856293
-1.96496
1.71371
2.36572
0.121071
2.28205
-2.15018
1.90589
-0.590143
0.215454
1.75595
-1.78186
0.820249
1.70281
2.23338
-0.247203
-0.551264
1.25083
-1.46351
-0.417824
-0.570615
0.961511
1.44211
2.00328
-1.48916
-3.6403
-0.221257
0.663832
0.481493
0.80565
-4.74217
0.782127
0.305928
-2.34196
-2.80806
0.132035
-1.77154
-0.6542
-1.75565
-0.612563
0.43892
-0.0392834
1.80354
-1.01974
1.98128
0.610783
-0.86851
0.983285
break
0.142125
-0.242491
1.77921
1.81608
0.195915
-1.27502
-1.41587
-0.168911
2.41785
-0.291092
-0.730051
2.32025
0.701861
-0.276049
-0.969948
-1.03448
-1.31817
1.0426
-1.98585
-0.368749
3.13883
1.09386
1.43588
-2.53579
1.67186
0.218488
1.31813
1.81409
-2.0936
0.631247
1.71278
1.56766
0.215236
-1.26555
2.66525
-0.814608
-1.23139
0.292216
0.937615
0.635172
2.36203
-2.32366
-2.95089
0.411385
0.579304
-0.323094
1.24919
-3.70223
0.966162
0.360027
-1.52132
-2.50366
0.863037
-0.918806
-1.0534
-0.979904
-0.0610309
1.53133
-0.26762
2.31601
-0.319953
0.908497
-0.187055
0.231491
1.44928
break
-0.0817071
-0.0504447
1.55835
0.516615
0.39278
-0.440867
0.232872
0.736884
3.09858
-0.519837
-0.65752
2.88402
0.125629
0.4841
-0.792466
-0.523514
-1.16622
0.611447
-1.58437
0.972899
2.56864
0.113531
1.99022
-2.22691
1.20871
-0.378859
1.00397
1.06434
-1.45538
0.410806
1.56562
2.29178
-0.300944
-1.51975
2.08753
-1.80309
-1.75923
-0.175797
0.791115
0.662425
2.25411
-1.88766
-4.24727
-0.208368
-0.0450717
0.360548
1.06721
-4.02059
0.655911
0.252906
-2.46907
-2.65121
-0.519632
-1.5629
-0.15054
-0.857945
-0.946398
0.896512
-0.187963
2.45176
-0.717137
1.83596
-0.714944
-0.0722866
2.17202
break
-0.603533
-0.280696
1.6354
1.40382
-0.262751
-0.802885
-1.52029
-0.212717
2.644
-0.822089
-1.13077
2.43297
0.665697
0.245355
-1.25123
-0.956844
-1.29679
0.852283
-1.99044
-0.0289925
2.48272
0.978049
1.1763
-1.96182
1.77497
-0.258641
1.08852
1.65871
-1.54776
0.17388
2.20772
1.01763
-0.225807
-0.58246
3.02243
-1.39794
-1.01231
0.496325
1.56259
1.08872
1.49351
-1.95912
-2.83995
0.488262
0.652097
-0.179331
1.58126
-3.06937
1.45604
0.129934
-1.82407
-1.62055
1.00016
-0.408039
-1.18575
-1.4332
-0.049031
0.602633
-0.747379
2.73743
-1.21937
1.04354
0.0851392
-0.37316
1.77429
break
0.101206
-0.373837
1.78281
1.85043
0.12351
-1.26594
-1.61447
0.0505693
2.44986
-0.215164
-0.654942
2.27103
0.669249
-0.588927
-1.00862
-1.2424
-1.54615
0.937069
-1.99972
-0.0802603
3.32328
1.30147
1.32809
-2.57148
1.65745
0.148349
1.15523
1.81732
-2.36581
0.469546
1.68511
1.62428
0.230609
-1.00164
2.65077
-0.856458
-1.02
0.360117
1.13795
0.4746
2.20266
-2.30602
-3.05308
0.144902
0.668895
-0.577597
1.08149
-3.73338
0.957529
0.75405
-1.57856
-2.47579
0.699598
-0.856253
-1.2235
-0.888215
0.0524184
1.44952
-0.12039
2.40717
-0.31891
0.640312
-0.269195
0.0687332
1.76676
break
-0.488755
0.0171148
1.18501
1.06568
0.243058
-0.708333
-0.395025
0.630415
3.10905
-0.0959571
-0.245123
2.75268
0.144769
0.207063
-0.804777
-1.09129
-1.59943
0.524097
-1.22022
1.44424
2.27337
-0.227414
1.84484
-2.70087
1.47133
-0.490588
1.26629
0.0872802
-1.68827
1.55022
1.53016
2.70974
-0.575971
-0.878322
1.4544
-1.51685
-2.00419
0.540131
0.120771
0.956104
2.13537
-1.86543
-3.78803
0.120381
0.595965
0.653601
0.682252
-3.9885
0.893673
0.251684
-2.43817
-2.81103
-0.410284
-1.10126
-0.0292361
-1.27249
-0.525812
1.37976
-1.3294
2.25205
-0.996469
1.79526
-0.114532
-0.821262
1.62981
break
-0.178192
-0.15421
1.61522
0.903822
0.763974
-0.47659
-0.00973485
0.464199
2.87703
-0.400361
-0.6399
2.78382
0.363868
0.219548
-0.494116
-1.11805
-0.811008
0.700079
-1.46374
1.03849
2.84259
-0.765092
1.95111
-2.12545
1.62197
-0.335965
1.13686
0.480212
-1.59957
0.987875
1.77022
2.5818
-0.295228
-0.798534
1.55216
-1.28604
-1.56478
0.294844
0.143092
0.885994
2.28466
-2.19077
-3.52264
-0.284947
0.314663
0.810778
0.759908
-3.53699
0.748745
-0.133352
-2.40364
-2.4997
-0.912516
-1.31391
-0.117004
-1.07608
-0.737032
1.13243
-0.835074
2.10629
-1.15398
2.0026
-0.194274
-0.563597
1.32583
break
-0.613467
-0.397665
1.66831
1.65439
-0.106121
-0.632897
-1.63715
-0.224189
2.31565
-0.699379
-0.993569
2.32546
0.459089
0.207693
-1.12044
-0.825452
-1.59314
1.03113
-1.95214
-0.427217
2.682
1.06219
1.06527
-1.67054
1.89528
-0.0870458
0.989432
1.43577
-1.59216
0.115123
2.22537
1.26451
-0.293142
-0.569075
3.0887
-1.40484
-0.846321
0.712702
1.54379
1.1936
1.32196
-2.15692
-2.86148
0.358952
0.57707
-0.102483
1.60833
-2.96177
1.51281
0.262473
-2.00038
-1.27314
0.784915
0.0177183
-1.07827
-1.53907
0.0446467
0.308536
-0.55934
2.78409
-1.22256
1.05095
0.0635398
-0.46783
1.8591
break
