-0.365542
0.516053
1.29734
2.15086
-0.971893
-1.03459
-1.09288
0.35229
2.21272
-0.68465
-1.39573
0.984434
0.728779
0.304276
-1.73319
-1.86189
-1.03019
1.11854
-2.29303
0.308986
2.41644
-0.150274
1.98805
-1.25889
3.42837
1.39386
0.887803
1.68345
-1.44229
-0.796811
1.81727
-0.0665914
-0.670555
-1.61214
2.17439
-0.283811
-1.50908
0.375837
2.09008
1.12113
0.941168
-1.64804
-3.15363
0.0608468
0.325106
-0.154347
1.80894
-3.34166
1.85421
-0.035528
-2.48593
-2.21768
0.996552
-0.0141958
-1.42304
-2.18027
0.771144
0.144396
-0.799508
3.08826
-0.726576
0.740581
0.505792
-1.20989
1.41332
break
-0.400792
0.63817
1.65736
2.28931
-1.06691
-0.911994
-1.34989
0.510178
2.46024
-0.467188
-1.33975
1.21085
0.545199
0.229346
-1.43403
-1.64043
-0.898985
1.61399
-2.29094
-0.0941686
1.98069
-0.136099
1.79052
-1.36826
3.45531
1.34756
0.986827
1.68398
-1.41461
-0.863137
1.66764
-0.249628
-0.739808
-1.46262
2.05013
-0.473315
-0.970168
0.302874
2.19371
0.930881
1.07713
-1.83335
-2.65814
0.13728
0.594265
0.0580416
1.83237
-3.47002
1.94309
0.117982
-2.71128
-1.8896
0.756342
0.103635
-1.35222
-1.94384
0.727307
-0.0946887
-1.07449
2.94712
-0.575649
0.798828
0.599113
-1.2866
1.40968
break
-0.423222
0.247846
1.23363
2.04734
-1.12018
-1.00991
-1.11804
0.181229
2.30306
-0.690922
-1.25996
0.985383
0.762091
0.362896
-1.45603
-1.92279
-0.685827
1.09069
-2.19041
0.231093
2.52185
-0.0798257
1.84568
-1.2477
3.47463
1.58764
0.927157
1.73902
-1.33706
-0.868212
1.80275
-0.0855206
-0.792013
-1.53904
2.01842
-0.0998241
-1.54222
0.607898
2.12016
1.24716
0.773648
-1.91009
-2.74288
0.0502894
0.297872
-0.208792
1.98549
-3.37673
2.07653
0.18567
-2.51954
-2.29957
0.978427
0.0517324
-1.53104
-2.05356
0.760451
0.210079
-0.500213
3.19266
-0.619453
0.595408
0.474066
-1.01578
1.32452
break
-0.45228
0.548795
1.61339
2.09014
-0.991533
-1.01172
-1.14186
0.425531
2.18318
-0.329874
-1.28123
1.28682
0.482686
0.362979
-1.54776
-1.63692
-0.917013
1.431
-2.24065
-0.105893
2.26505
-0.09322
2.15237
-1.37182
3.33185
1.39733
1.13052
1.41082
-1.52238
-0.954718
1.61734
-0.250772
-0.609086
-1.49852
2.18822
-0.312092
-1.27444
0.416156
2.28929
0.675325
1.20603
-1.96561
-2.98977
0.24937
0.602586
0.0894207
1.7687
-3.65509
2.0184
0.13197
-2.5663
-1.81704
0.821366
-0.0647557
-1.29565
-1.69085
0.746569
-0.198159
-1.15564
2.89185
-0.605684
0.824421
0.619394
-1.27524
1.51202
break
-0.49397
0.590463
1.56996
2.17183
-0.680586
-1.05697
-1.01786
0.342131
2.55383
-0.459106
-1.53377
1.11092
0.724897
0.291731
-1.45718
-1.61709
-0.847381
1.4401
-2.26876
-0.0283611
2.23325
-0.3703
2.0515
-1.39786
3.48004
1.3663
1.0559
1.50286
-1.31365
-1.09021
1.68827
0.0713703
-0.802455
-1.38159
2.15087
-0.170449
-1.03987
0.403361
2.13576
0.821758
1.09517
-2.09283
-2.94044
0.105341
0.555825
-0.211667
1.90876
-3.46375
1.9141
-0.0398749
-2.74256
-1.98804
0.802007
-0.0535062
-1.38038
-1.93127
0.87482
0.00759889
-1.06975
3.23558
-0.92788
0.721563
0.726447
-1.13128
1.42249
break
-0.526547
0.725261
1.58339
2.19937
-0.884078
-1.06277
-1.24812
0.30238
2.66606
-0.271751
-1.27429
1.37758
0.545201
0.120541
-1.52976
-1.71368
-0.997395
1.29085
-2.14444
-0.23
2.54025
0.148379
1.89393
-1.42107
3.51435
1.44602
1.18718
1.52042
-1.48605
-0.734991
1.64267
-0.244752
-0.506072
-1.62768
2.19673
-0.473747
-1.09012
0.171838
2.2626
0.888299
1.13667
-1.77787
-2.75961
0.234368
0.359576
0.110616
1.89327
-3.61815
2.20372
-0.0101258
-2.5409
-1.98528
1.01569
-0.118844
-1.10664
-1.74955
0.628874
-0.135397
-1.15601
2.69068
-0.491131
0.978763
0.986412
-1.29152
1.54822
break
-0.526927
0.547717
1.57484
2.05448
-0.759288
-1.21618
-1.16821
0.486003
2.13974
-0.546368
-1.58539
1.17324
0.762477
0.373256
-1.49272
-1.76642
-0.584229
1.36118
-2.01517
0.0464271
2.22971
-0.199687
2.00244
-1.36111
3.53575
1.27988
0.89053
1.36449
-1.31142
-0.965633
1.74515
-0.0935901
-0.661334
-1.20833
2.44452
-0.294423
-1.18114
0.588889
2.09391
1.03031
1.11456
-2.05945
-2.99499
-0.00772638
0.623119
-0.280312
1.97244
-3.5412
2.04727
0.183858
-2.76436
-1.96606
0.743469
0.0803087
-1.52662
-2.02725
0.767374
0.0228713
-0.950798
3.0261
-0.963668
0.705554
0.722686
-1.26752
1.52064
break
-0.539247
0.476703
1.38767
2.27877
-1.20166
-1.05615
-1.3628
0.435782
2.42576
-0.480004
-1.53848
1.18072
0.794416
0.270954
-1.58317
-2.00967
-0.780142
1.43981
-2.22191
0.173909
2.3926
-0.490262
1.94337
-1.35367
3.36632
1.19698
1.10903
1.6644
-1.16569
-0.82119
1.79257
-0.369462
-0.778157
-1.50414
2.01656
-0.271657
-1.55561
0.465598
2.0875
1.10586
0.852681
-1.72807
-3.01597
-0.0762366
0.448908
0.0218819
1.90613
-3.32151
1.89119
0.0196163
-2.58571
-2.29733
1.13296
-2.47656e-006
-1.47169
-2.13845
0.793106
0.0197915
-0.51183
3.22394
-0.909848
0.91075
0.593398
-1.04023
1.29734
break
-0.569424
0.547686
1.34666
2.17995
-1.01505
-0.885247
-1.47487
0.398546
2.42366
-0.66079
-1.48803
0.950726
0.884024
0.419569
-1.90038
-1.972
-0.930697
1.35399
-2.36398
0.0070554
2.44877
-0.335038
2.04194
-1.33317
3.54959
1.3035
0.972907
1.73079
-1.33887
-0.77571
1.58744
-0.141043
-0.634515
-1.68079
2.12921
-0.147136
-1.31491
0.561397
1.95476
0.960193
1.05754
-1.72085
-3.15592
0.155846
0.390663
-0.110097
2.0301
-3.5163
1.69925
0.0782613
-2.70137
-1.96988
0.898226
0.133687
-1.47479
-2.14626
0.694396
0.142801
-0.621795
3.23648
-0.742194
0.624989
0.50649
-0.968815
1.38204
break
-0.598114
0.587026
1.64803
1.85768
-1.24163
-0.808842
-1.26645
0.0351496
2.70539
-0.378353
-1.497
1.11189
0.877557
0.284021
-1.50591
-1.73652
-1.07818
1.24436
-2.27874
0.0257848
2.71411
-0.12507
1.91083
-1.44111
3.42407
1.5684
0.974209
1.69561
-1.31893
-0.607815
1.65694
0.164132
-0.720646
-1.38173
1.84933
-0.313074
-1.53155
0.271238
1.85942
0.856217
1.20457
-1.91562
-2.93879
0.335443
0.649146
-0.0186677
1.94054
-3.47564
2.02437
0.0129723
-2.70101
-2.12783
0.980384
0.365214
-0.979522
-2.67216
0.772967
-0.305566
-0.758344
3.3682
-0.653276
0.805168
0.558592
-0.816861
1.59948
break
-0.637634
0.510819
1.82862
2.17795
-1.03509
-1.2601
-1.46895
0.59518
2.42451
-0.534379
-1.7168
1.15652
0.706138
0.38143
-1.52266
-1.61428
-0.726172
1.57891
-2.18594
-0.199801
2.16861
-0.222525
2.10711
-1.33466
3.30542
1.37377
0.988147
1.52764
-1.57267
-0.893793
1.83767
-0.0528485
-0.878308
-1.31067
2.2379
-0.287039
-1.04345
0.414197
1.97796
1.08785
1.14947
-1.85374
-2.81215
0.0834252
0.524386
-0.240876
1.894
-3.55853
1.88063
-0.0852349
-2.47838
-1.81313
0.752217
-0.164897
-1.66418
-1.99667
1.00928
-0.0492879
-1.04755
2.94255
-0.690309
0.783135
0.746591
-1.26037
1.36284
break
-0.940818
0.149109
1.55502
1.84246
-1.35394
-0.83935
-1.60294
0.563078
3.22574
-0.670386
-1.48099
0.928964
0.419172
0.239253
-2.80417
-1.59393
-0.82853
1.28184
-3.01624
0.266892
2.01674
0.642354
1.92354
-0.652059
2.51873
0.933711
0.614004
1.54538
-1.30703
0.592803
2.40368
0.264646
-0.331775
-1.14524
2.01013
-0.396394
-1.01241
0.48954
1.38342
1.11242
1.48671
-1.62326
-3.9097
-0.0379066
-0.288903
0.459147
2.15311
-3.79501
2.1546
-0.339841
-2.88102
-2.06906
0.241882
-0.363444
-0.903484
-1.76788
0.645905
0.237099
-0.757244
2.53842
-1.17069
1.52816
0.449053
-1.58878
2.15415
break
-1.08775
0.309666
1.73553
1.98445
-1.13023
-1.00832
-1.63538
1.0864
3.41463
-0.670339
-1.49253
1.00627
0.639385
0.214366
-2.7614
-1.56779
-0.829337
1.41258
-3.081
0.431182
1.97895
0.543861
1.73764
-0.546489
2.45418
1.00993
0.577578
1.37583
-1.31432
0.792512
2.62371
0.502486
-0.389805
-1.18606
1.98551
-0.347539
-1.13394
0.432421
1.5138
1.07087
1.59898
-1.63301
-3.70657
0.0123464
-0.00516988
0.410753
2.22872
-3.96852
2.19231
-0.533868
-2.96264
-1.98146
0.424879
-0.530802
-0.824436
-1.49839
0.661898
0.210944
-0.883763
2.35544
-1.20695
1.38723
0.511845
-1.47203
2.14295
break
-1.13405
0.0461193
1.51288
1.57064
-1.34995
-0.743795
-1.11141
0.665703
3.27722
-0.0834132
-1.21233
0.547998
1.04847
-0.0328781
-2.4965
-1.3357
-1.27469
1.54516
-2.91103
0.300134
1.98197
0.516303
1.63468
-1.08722
2.42952
1.3069
0.548012
1.29558
-1.24909
0.0895447
2.43404
1.0254
-0.38395
-0.78593
2.79621
-0.372271
-1.0045
0.140112
1.29024
1.06139
1.46314
-1.34535
-3.6974
-0.312501
-0.460062
0.681812
2.21522
-4.01609
2.80073
0.327137
-3.19426
-2.40594
0.74432
-0.183717
-1.11182
-1.80962
0.240009
0.138199
-1.09324
2.80526
-1.3159
1.22606
0.163059
-1.48099
1.79795
break
-1.16328
0.27238
1.62014
1.62948
-1.52733
-0.856036
-1.29119
0.831589
3.42839
-0.0521466
-1.01796
1.10731
1.01197
0.120634
-2.64488
-1.54315
-1.19896
1.08002
-2.88208
0.422792
2.08062
0.486764
1.53915
-1.0436
2.62104
1.17829
0.678648
1.31726
-1.1092
0.427564
2.33317
0.760993
-0.391115
-1.2694
2.26965
-0.363152
-1.13208
0.438804
1.2877
1.44764
1.4497
-1.62852
-3.68189
-0.22341
-0.20544
0.879025
2.18254
-3.6512
2.08145
-0.0109578
-2.82851
-2.48915
0.874527
-0.192787
-1.04856
-1.65222
0.211285
0.196397
-1.02257
2.54882
-1.70243
1.12234
0.544721
-1.73601
2.11586
break
-1.17581
-0.0507805
1.79963
1.79362
-1.24799
-0.817039
-1.45128
1.16984
3.0454
-0.31618
-1.62251
0.723135
1.20179
0.085855
-2.44304
-1.30858
-0.948661
1.35093
-2.92157
0.669738
2.13543
0.0543365
2.11237
-1.26725
2.70534
1.36128
0.81635
1.49146
-1.50643
0.134184
2.40782
0.170566
-0.326558
-0.376183
2.48288
-0.400667
-1.50788
0.240685
1.05223
1.61214
1.87875
-1.40793
-3.45187
-0.273474
0.124413
0.666519
2.25974
-4.09572
2.00123
-0.423651
-3.04757
-2.26205
0.90956
-0.11704
-1.15194
-1.93339
0.313074
-0.203059
-1.00017
2.51246
-0.894974
0.877964
0.0441032
-1.10033
2.54472
break
-1.24922
0.118272
1.39754
1.62614
-1.37309
-0.707362
-1.35697
0.540212
3.40952
-0.0820043
-0.933499
1.07096
0.973429
0.119732
-2.48815
-1.57273
-1.23557
1.18564
-2.75596
0.550027
2.07724
0.446505
1.64437
-0.993039
2.49982
1.30425
0.750557
1.44742
-1.10419
0.180627
2.34907
0.725607
-0.5155
-1.18245
2.16173
-0.454615
-1.06753
0.208153
1.15773
1.34674
1.47308
-1.50045
-3.41941
-0.327873
-0.282989
0.835977
2.10677
-3.81454
2.2668
0.121232
-2.95202
-2.1876
0.787654
-0.389531
-1.00298
-1.86635
0.244138
0.256098
-0.808239
2.58612
-1.66031
1.47696
0.578134
-1.58911
2.06745
break
-1.27095
0.101543
1.4288
1.7924
-1.39082
-0.743562
-1.00851
0.754355
3.42767
-0.282235
-1.18821
0.597139
1.21322
-0.0992663
-2.72628
-1.5028
-1.24696
1.38332
-3.1532
0.390521
1.8989
0.382975
1.46385
-0.900471
2.37986
1.40982
0.403124
1.51074
-1.1649
0.126062
2.22599
0.93831
-0.37113
-0.913596
2.82099
-0.289454
-1.05936
-0.00438627
1.17172
1.1023
1.28842
-1.3778
-3.46607
-0.293762
-0.353052
0.463177
2.15641
-3.87422
2.85552
0.0178098
-3.24822
-2.33057
0.699415
-0.0159625
-1.43563
-1.99722
0.288048
0.13152
-1.20772
2.55522
-1.29854
1.33968
0.233848
-1.51659
1.79904
break
-1.28707
0.214038
1.775
1.80814
-1.34462
-1.13951
-1.32683
1.11161
3.47373
-0.756725
-1.27972
0.982488
0.715963
0.0468001
-2.64128
-1.66946
-0.887498
1.41909
-3.19218
0.444244
1.96487
0.620221
1.93198
-0.649252
2.58088
0.908551
0.356048
1.2967
-1.29277
0.837311
2.62064
0.39194
-0.281741
-1.21645
1.77523
-0.425438
-1.22437
0.340295
1.58001
1.16848
1.59994
-1.59457
-3.86383
0.319064
-0.131521
0.621584
2.34525
-3.85107
2.10885
-0.494392
-2.86962
-2.17769
0.400988
-0.501762
-0.873525
-1.57557
0.617932
0.148105
-0.750249
2.66593
-0.927883
1.3598
0.614332
-1.65867
2.37979
break
-1.30902
0.21228
1.70572
1.83865
-1.48974
-0.709534
-0.954222
0.475062
3.70273
-0.0191076
-0.856661
1.19816
1.04244
0.12785
-2.587
-1.45942
-1.25972
1.06272
-2.73724
0.281983
2.29517
0.434395
1.50972
-1.07241
2.77698
1.14429
0.701332
1.51566
-1.22191
0.47589
2.40523
0.894885
-0.420146
-1.2641
2.15372
-0.528369
-0.985186
0.524627
1.27666
1.52459
1.32618
-1.79271
-3.49699
-0.322254
-0.189502
0.926015
2.00819
-3.75392
2.1332
0.0626137
-2.97157
-2.32866
0.711262
-0.0726016
-1.227
-1.84457
0.290337
0.21133
-0.915147
2.55377
-1.68265
1.29637
0.57921
-1.68717
1.98981
break
-1.32186
-0.0836593
1.48661
1.64413
-1.46456
-0.743447
-1.10212
0.464947
3.24663
-0.286055
-1.21933
0.759999
1.21199
-0.102213
-2.63821
-1.58562
-1.20285
1.52992
-3.17165
0.405803
2.02321
0.492559
1.57684
-0.970199
2.37999
1.42459
0.283859
1.43384
-1.12425
-0.0492998
2.30926
0.899719
-0.29005
-0.768717
2.96243
-0.320516
-0.921847
0.20179
1.1749
0.981715
1.16678
-1.1787
-3.36967
-0.0787705
-0.401044
0.475359
2.11101
-3.78327
3.05086
0.150795
-3.14993
-2.44338
0.609107
0.0270927
-1.0866
-1.95845
0.26781
0.160008
-0.986122
2.80497
-1.62023
1.2381
0.224251
-1.54467
2.01115
break
-1.32352
-0.00948697
1.537
1.61775
-1.22122
-0.822495
-1.49838
0.716828
3.47994
-0.0491323
-1.20097
0.96915
1.02107
0.103264
-2.57523
-1.56739
-1.23846
1.25845
-2.6127
0.199102
2.10144
0.389147
1.5683
-0.951184
2.73593
1.21589
0.539512
1.28303
-1.10698
0.390432
2.08256
0.707396
-0.47933
-0.77263
2.3257
-0.242235
-1.14673
0.1296
1.1572
1.21345
1.76873
-1.53817
-3.48274
-0.379097
-0.266438
0.721872
2.06445
-3.94295
2.26216
0.233211
-3.02501
-2.16216
0.61337
-0.266363
-0.85963
-1.96714
0.323546
0.0845921
-1.01996
2.59136
-1.66233
1.29719
0.392426
-1.67697
2.12115
break
-1.3334
-0.106575
1.39943
1.43984
-1.21562
-0.607128
-1.19052
0.42001
3.23656
-0.227737
-1.48243
0.533683
1.18096
-0.0829694
-2.83101
-1.40918
-1.14972
1.42284
-3.16832
0.182618
2.11582
0.55341
1.44156
-1.16973
2.412
1.52321
0.844878
1.34288
-1.04846
0.19189
2.12908
0.96885
-0.0925828
-0.8628
2.65384
-0.393719
-1.16128
-0.0478971
1.11451
1.06462
1.40922
-1.30741
-3.89596
0.0105109
-0.372481
0.551507
2.09353
-4.10315
2.74162
-0.0245837
-3.25287
-2.09026
0.858595
-0.399025
-1.07883
-1.74559
0.197443
0.0622324
-1.08352
2.98809
-1.33843
1.31932
-0.00500152
-1.6789
1.63363
break
-1.35294
-0.0716109
1.55744
1.66085
-1.22722
-0.765242
-1.07446
0.475794
3.42813
-0.284639
-1.39426
0.589926
1.05605
0.0240447
-2.86129
-1.37934
-1.29532
1.4591
-2.74753
0.137917
2.24039
0.569209
1.71643
-1.14449
2.39361
1.49596
0.674479
1.42242
-1.08159
0.25236
2.27014
1.03749
-0.215608
-0.78924
2.72103
-0.356371
-1.00061
0.0565483
1.08382
0.945024
1.4317
-1.41577
-3.65954
-0.202837
-0.341907
0.438771
2.07074
-3.95975
2.75106
0.0234577
-3.23122
-2.19123
0.71063
-0.318069
-1.21229
-1.82401
0.265331
0.140302
-1.15001
2.81282
-1.40365
1.49444
-0.0869442
-1.82077
1.61372
break
-1.46344
0.122428
1.54952
1.83076
-1.49087
-0.653334
-1.00615
0.756682
3.34167
-0.268237
-1.42619
0.971709
1.13288
0.0663026
-2.54086
-1.34339
-0.880681
1.15277
-3.03593
0.0612692
2.09454
0.641642
1.62806
-0.946194
2.52417
1.38023
0.532616
1.44565
-1.01373
-0.136616
2.11143
0.915658
-0.482499
-0.778836
2.86437
-0.0829694
-0.96056
0.0315437
1.24998
1.24975
1.24547
-1.31922
-3.72183
-0.165732
-0.281177
0.519858
2.29546
-4.14894
3.0176
0.217211
-3.0735
-2.34153
0.579763
-0.17551
-1.26431
-1.97901
0.478415
0.0626979
-1.20476
2.70948
-1.33812
1.28915
0.563898
-1.44662
1.85688
break
-0.56913
0.522897
1.69029
2.19703
-0.903313
-1.28954
-1.2968
0.481769
2.42031
-0.431656
-1.5643
1.10082
0.707876
0.299157
-1.47555
-1.51682
-0.735903
1.51321
-2.18922
-0.120226
2.16657
-0.241354
2.10035
-1.34198
3.37641
1.44947
1.02898
1.4059
-1.45226
-0.845708
1.71173
-0.0944223
-0.800802
-1.31322
2.07209
-0.220204
-1.0304
0.333491
2.00871
0.985486
1.18913
-1.87189
-2.76748
0.0252025
0.507457
-0.172812
1.75417
-3.49325
1.92878
-0.0789928
-2.45034
-1.8789
0.651733
-0.0954484
-1.499
-1.97729
0.901827
0.0275189
-0.953069
2.89507
-0.69736
0.852015
0.644597
-1.33124
1.41149
break
-1.22667
0.162605
1.61663
1.65203
-1.49929
-0.790576
-1.13811
0.73136
3.45597
-0.148388
-0.956377
1.10494
1.02995
0.0858797
-2.5686
-1.51712
-1.20564
1.24011
-2.70782
0.452361
2.11776
0.507961
1.58776
-1.00384
2.63074
1.20692
0.656574
1.26284
-1.09528
0.392844
2.38719
0.944972
-0.339747
-1.10384
2.18196
-0.477642
-1.02604
0.384353
1.28662
1.40798
1.53964
-1.5519
-3.5658
-0.233117
-0.228354
0.863303
2.15813
-3.73773
2.10682
-0.0682166
-2.9396
-2.39143
0.786
-0.222667
-1.06968
-1.86666
0.270719
0.161453
-1.00872
2.56877
-1.64997
1.3017
0.506522
-1.745
2.00839
break
-1.18841
0.171879
1.69562
1.84682
-1.15352
-0.91329
-1.48745
0.966141
3.44299
-0.655632
-1.44646
1.10475
0.606755
0.221284
-2.6798
-1.56831
-0.750827
1.3979
-3.0171
0.371554
1.88864
0.576151
1.76013
-0.563894
2.53036
0.966188
0.524823
1.45832
-1.29748
0.623901
2.58974
0.419406
-0.332317
-1.12195
1.89171
-0.317403
-1.23858
0.396353
1.57552
1.1907
1.59967
-1.6397
-3.75221
0.0759959
-0.0590851
0.471939
2.26721
-3.91799
2.14593
-0.490295
-2.90804
-2.07542
0.378753
-0.486943
-0.908468
-1.55635
0.649985
0.160376
-0.80554
2.51775
-1.29294
1.37302
0.589239
-1.55574
2.16552
break
-1.05282
0.0301121
1.62518
1.80649
-1.21754
-0.803178
-1.43713
0.737957
3.34299
-0.693995
-1.46212
1.03989
0.414733
0.220203
-2.58138
-1.55012
-0.793178
1.28627
-3.00679
0.408306
1.96616
0.71365
1.84247
-0.594187
2.59634
0.981257
0.562495
1.50263
-1.27962
0.565458
2.46007
0.384374
-0.427704
-1.13494
1.86787
-0.303331
-1.12354
0.451373
1.49379
1.10172
1.60887
-1.60466
-3.76928
-0.0149179
-0.126912
0.416159
2.18229
-3.8751
2.1954
-0.33242
-2.87757
-2.15218
0.310189
-0.41803
-1.0086
-1.74742
0.61974
0.132632
-0.849142
2.59519
-1.32167
1.34968
0.443843
-1.61022
2.15431
break
-0.447263
0.369221
1.3794
2.18
-1.02635
-1.10284
-1.24554
0.295121
2.45227
-0.601121
-1.39874
0.999993
0.793744
0.296601
-1.6013
-1.89874
-0.793337
1.16355
-2.22348
0.141867
2.43771
-0.246836
1.81177
-1.31422
3.46809
1.51758
0.949568
1.68254
-1.37376
-0.914181
1.92682
-0.0968797
-0.695406
-1.62138
2.08817
-0.0624418
-1.49061
0.449991
2.10192
1.11107
0.843379
-1.77315
-2.91434
0.0008639
0.423422
-0.146573
1.91171
-3.42962
1.96281
0.0861758
-2.59708
-2.13635
0.997217
0.103433
-1.51558
-2.06379
0.802287
0.188226
-0.507416
3.10971
-0.665567
0.626347
0.494348
-1.09214
1.25454
break
-0.596162
0.58716
1.5713
2.14296
-0.827954
-1.08082
-1.1322
0.386342
2.37554
-0.450585
-1.49859
1.10061
0.719122
0.344423
-1.51948
-1.65548
-0.820919
1.41304
-2.1652
-0.172586
2.15046
-0.256964
2.04195
-1.29284
3.50167
1.25134
1.00907
1.48994
-1.33398
-0.985138
1.59991
-0.0170321
-0.859806
-1.27104
2.1908
-0.240942
-1.1615
0.38981
2.19856
0.942775
1.10059
-1.89952
-2.87975
0.0791845
0.621954
-0.230062
1.92808
-3.58792
1.9112
0.0364635
-2.66001
-1.99072
0.762433
-0.00943016
-1.3782
-1.94607
0.792322
0.0643109
-0.982673
3.21413
-0.857144
0.75122
0.62517
-1.14434
1.36134
break
-0.452348
0.513874
1.60702
2.23805
-0.877226
-1.19672
-1.23011
0.45992
2.35445
-0.462041
-1.49975
1.16046
0.76068
0.32861
-1.51991
-1.56307
-0.817668
1.4333
-2.11925
-0.146549
2.18417
-0.0805943
2.00909
-1.30275
3.39876
1.34547
1.01867
1.52835
-1.41543
-0.872106
1.61923
-0.0832793
-0.769702
-1.37605
2.08604
-0.256418
-1.0092
0.345949
2.14078
1.082
1.14492
-1.90303
-2.88067
0.162818
0.573811
-0.16428
1.7782
-3.57974
1.91595
-0.0546225
-2.54196
-1.94637
0.726417
-0.0412342
-1.34063
-1.97831
0.791201
-0.00575004
-0.942898
2.94458
-0.724809
0.845309
0.655662
-1.25133
1.34449
break
-0.422055
0.57549
1.61689
2.26953
-1.0172
-1.07082
-1.26379
0.389162
2.34465
-0.389659
-1.34904
1.27191
0.513245
0.188103
-1.55826
-1.67249
-0.907572
1.43913
-2.11056
-0.214496
2.32546
-0.00733001
2.00721
-1.40689
3.46553
1.33536
1.17454
1.56209
-1.50011
-0.781095
1.74668
-0.10314
-0.629478
-1.44456
2.22914
-0.382645
-1.19793
0.26221
2.26754
0.891641
1.25805
-1.88282
-2.92662
0.238437
0.595385
-0.0122622
1.82633
-3.60939
2.00966
0.0325943
-2.62754
-1.80145
0.762507
-0.0422711
-1.25489
-1.79873
0.870819
-0.0697305
-1.0577
2.79136
-0.564969
0.92366
0.706191
-1.27355
1.59172
break
-1.32844
-0.0415577
1.42142
1.46495
-1.26239
-0.666961
-1.20521
0.401865
3.23283
-0.205953
-1.57332
0.561873
1.156
-0.103351
-2.78457
-1.33949
-1.16664
1.52464
-2.96258
0.205985
2.19302
0.496429
1.46269
-1.03241
2.29947
1.51439
0.67503
1.39039
-1.10325
0.0663728
2.17443
1.00314
-0.126714
-0.673367
2.85456
-0.323447
-1.07454
0.0366812
1.15981
1.04589
1.41516
-1.34966
-3.77493
-0.0656503
-0.286729
0.519332
2.12942
-4.02937
2.84403
-0.0573835
-3.10517
-2.15303
0.778418
-0.342349
-1.06135
-1.77814
0.07339
0.104663
-1.14842
2.79515
-1.39185
1.46702
-0.0729045
-1.6152
1.70799
break
-0.510238
0.518244
1.29714
2.17448
-1.0769
-0.963846
-1.29654
0.505034
2.35228
-0.511045
-1.42945
1.09416
0.81914
0.333272
-1.81979
-1.89984
-0.830397
1.40418
-2.30208
0.221525
2.39455
-0.464398
1.89743
-1.26253
3.40047
1.28975
0.972326
1.64204
-1.33779
-0.793306
1.71353
-0.229722
-0.830381
-1.49825
2.15173
-0.256167
-1.49461
0.377647
2.0624
1.12717
0.939345
-1.6909
-2.92304
-0.111853
0.43834
0.0177152
1.88554
-3.29106
1.86122
0.0762532
-2.75336
-2.26696
1.01456
-0.0184696
-1.51323
-2.21754
0.854505
0.0240475
-0.502202
3.10827
-0.849003
0.782177
0.430197
-1.05753
1.29459
break
-1.35191
0.0925794
1.61699
1.8015
-1.47719
-0.835003
-1.028
0.621261
3.55304
-0.1111
-0.833596
1.19783
1.11199
-0.022258
-2.67
-1.57244
-1.20216
1.19427
-2.70907
0.36202
2.13009
0.342191
1.59058
-1.02121
2.72538
1.20145
0.686173
1.4619
-1.20596
0.518372
2.36821
0.85648
-0.391358
-1.39762
2.11462
-0.572896
-0.927628
0.453549
1.35922
1.45483
1.36282
-1.69789
-3.50577
-0.264165
-0.167831
0.898291
2.06988
-3.76762
2.00765
-0.0979455
-2.95914
-2.36567
0.761174
-0.144687
-1.13201
-1.97206
0.382533
0.14812
-1.01567
2.57389
-1.5873
1.33717
0.550556
-1.7971
1.94368
break
-0.493811
0.551566
1.56824
2.28559
-1.05356
-1.02292
-1.31305
0.370925
2.38278
-0.408067
-1.37525
1.16253
0.706249
0.307753
-1.50396
-1.6671
-0.820734
1.46578
-2.18041
-0.173921
2.23778
-0.0440142
1.94837
-1.35382
3.4396
1.31156
1.10689
1.5591
-1.44245
-0.823549
1.67424
-0.146175
-0.662341
-1.44514
2.18021
-0.318843
-1.04043
0.299835
2.14911
1.10164
1.11429
-1.78569
-2.90978
0.180041
0.526231
-0.0986413
1.85097
-3.54866
1.9562
0.0245341
-2.59039
-1.87279
0.672063
0.0610404
-1.32212
-1.92778
0.824456
-0.0562567
-1.04534
2.97196
-0.594692
0.808384
0.62154
-1.23917
1.4498
break
-0.646555
0.51668
1.51282
2.1689
-0.798218
-1.2126
-1.20347
0.410391
2.26802
-0.453616
-1.6632
1.21277
0.754398
0.407283
-1.51305
-1.76867
-0.662728
1.4044
-2.08973
-0.135126
2.2172
-0.206601
2.02557
-1.33497
3.36937
1.29097
1.02392
1.37124
-1.34676
-0.986859
1.61074
-0.0787947
-0.720033
-1.21043
2.26912
-0.299736
-1.1887
0.466801
2.17394
0.931731
1.08831
-2.05643
-2.91774
0.0108268
0.66262
-0.260213
1.91106
-3.55332
1.91119
0.132763
-2.77419
-1.95081
0.938997
0.0303163
-1.55061
-1.96657
0.862129
0.0459738
-1.03114
3.05253
-0.925348
0.673251
0.698416
-1.21152
1.33579
break
-1.24562
0.130101
1.53393
1.66945
-1.36803
-0.729738
-1.31556
0.630098
3.34253
-0.173802
-0.949875
1.12629
0.946258
0.222358
-2.44134
-1.51538
-1.16846
1.27894
-2.67939
0.335828
2.11079
0.410844
1.6874
-1.03785
2.62008
1.23108
0.653274
1.38971
-1.10359
0.332964
2.2816
0.773996
-0.429851
-0.939473
2.20145
-0.384856
-1.03888
0.289404
1.22765
1.28113
1.53503
-1.47287
-3.42951
-0.327146
-0.195323
0.86504
2.15775
-3.83173
2.09395
0.196104
-2.9781
-2.36301
0.666714
-0.287891
-0.988752
-1.85106
0.277087
0.134612
-1.02242
2.58449
-1.56084
1.4573
0.46365
-1.68609
2.07922
break
-1.22895
0.184599
1.78434
1.77902
-1.29398
-1.05381
-1.3857
1.06038
3.4642
-0.616788
-1.42018
1.0979
0.677801
0.159656
-2.74346
-1.5815
-0.85831
1.4964
-3.12203
0.403914
1.93443
0.53228
1.77484
-0.600033
2.5692
1.06832
0.418525
1.38615
-1.34338
0.599147
2.57873
0.420566
-0.27098
-1.06895
1.81428
-0.395001
-1.24136
0.406584
1.56615
1.2394
1.56967
-1.61914
-3.84074
0.233097
-0.120723
0.552759
2.41358
-3.86142
2.14302
-0.433827
-2.81246
-2.11431
0.350912
-0.408415
-0.854288
-1.63394
0.58685
0.207107
-0.712305
2.57971
-1.09561
1.42195
0.649813
-1.59252
2.26452
break
-1.2539
-0.00486926
1.46176
1.63731
-1.39232
-0.728637
-0.978157
0.698465
3.39064
-0.220508
-1.30211
0.573643
1.11773
-0.177577
-2.67224
-1.41273
-1.19388
1.43208
-3.04402
0.438526
2.00894
0.434295
1.45286
-1.0356
2.45256
1.36049
0.496707
1.50376
-1.24243
0.126591
2.31743
0.918325
-0.27334
-0.874236
2.85
-0.293286
-1.0718
-0.0459049
1.22581
1.11589
1.23835
-1.21333
-3.55281
-0.248586
-0.282127
0.504849
2.12105
-3.97458
2.98112
0.165224
-3.26031
-2.34619
0.714483
-0.00246901
-1.31697
-1.97945
0.234634
0.0142409
-1.21143
2.64013
-1.33879
1.28237
0.224249
-1.53604
1.91557
break
-0.491885
0.522822
1.34512
2.20677
-1.03827
-1.10514
-1.26893
0.371552
2.37057
-0.591043
-1.45601
0.990415
0.836993
0.303354
-1.77203
-1.92165
-0.982528
1.2077
-2.24732
0.206649
2.39017
-0.235788
1.89633
-1.30568
3.50412
1.39346
0.885302
1.64044
-1.32862
-0.790996
1.77197
-0.120325
-0.759643
-1.63273
2.05399
-0.213872
-1.47702
0.312132
2.11524
1.07042
0.927538
-1.73699
-2.99868
0.0801654
0.42844
-0.0326146
1.8997
-3.33587
1.87829
0.0910306
-2.53982
-2.23797
0.893221
0.00668
-1.46219
-2.10239
0.824012
0.107013
-0.687713
3.12019
-0.71612
0.71053
0.502125
-1.10176
1.2869
break
-1.16153
0.10003
1.45802
1.63413
-1.25034
-0.766751
-1.2859
0.794077
3.39758
-0.0345464
-1.11202
1.04305
0.980642
0.153565
-2.54683
-1.52011
-1.30046
1.27464
-2.65959
0.211962
2.11611
0.358056
1.61612
-1.05451
2.55324
1.21969
0.546046
1.27989
-1.1688
0.292772
2.18939
0.719217
-0.454333
-0.892463
2.34154
-0.278207
-0.937403
0.258399
1.19168
1.21822
1.61989
-1.54591
-3.48729
-0.374194
-0.179716
0.826275
2.17382
-3.92734
2.16759
0.21898
-3.06233
-2.25356
0.721591
-0.202323
-0.896459
-1.84667
0.297418
0.138709
-1.04373
2.52962
-1.48553
1.40208
0.468303
-1.67939
2.1474
break
-1.33928
0.119571
1.52269
1.80604
-1.37602
-0.60117
-0.973912
0.73782
3.27017
-0.297663
-1.31792
0.89755
1.15232
0.126094
-2.58673
-1.41607
-0.896441
1.18277
-3.00243
0.0302134
2.01988
0.656711
1.46609
-0.976016
2.50246
1.36852
0.567791
1.37514
-0.97158
-0.0768433
2.12042
0.923675
-0.580571
-0.82473
2.86927
0.0047798
-0.892012
0.02048
1.24898
1.18839
1.34663
-1.3931
-3.71838
-0.178301
-0.307369
0.700359
2.29531
-4.07836
2.94193
0.279497
-3.10803
-2.35825
0.761145
-0.218746
-1.15662
-1.9519
0.378399
0.0664467
-1.17407
2.80735
-1.37086
1.33282
0.424594
-1.40896
1.7566
break
-0.500396
0.562652
1.60027
2.348
-1.02436
-1.13752
-1.35268
0.429438
2.41288
-0.257013
-1.36245
1.37557
0.530335
0.177913
-1.58931
-1.70234
-1.00722
1.34412
-2.09696
-0.263143
2.41171
0.013253
1.91781
-1.4482
3.50422
1.24882
1.14186
1.53641
-1.571
-0.785848
1.70425
-0.271822
-0.574922
-1.56316
2.12373
-0.373026
-1.14435
0.268263
2.28602
0.776086
1.30426
-1.85101
-2.79747
0.262153
0.489742
0.110461
1.91475
-3.55627
1.96941
-0.0223829
-2.59568
-1.89237
0.948018
-0.0862451
-1.26896
-1.77936
0.804986
-0.0817208
-1.04375
2.60988
-0.550808
0.934114
0.843347
-1.27605
1.53526
break
-0.622252
0.609311
1.46343
1.89076
-1.26141
-0.878503
-1.26334
0.219887
2.63931
-0.35434
-1.47425
1.07618
0.885211
0.415979
-1.54519
-1.90944
-1.03286
1.267
-2.19536
-0.0200788
2.75309
-0.088582
1.89698
-1.51281
3.40667
1.53267
0.953495
1.65971
-1.25119
-0.633066
1.6766
0.0353795
-0.810753
-1.51354
1.94914
-0.162313
-1.52666
0.307648
1.82974
0.888813
1.12373
-1.92464
-2.86901
0.104998
0.524258
-0.0727266
1.91956
-3.45693
2.1228
-0.016386
-2.54819
-2.05905
0.86912
0.300096
-1.10042
-2.63782
0.821833
-0.221421
-0.764654
3.34346
-0.681891
0.862231
0.575728
-0.921705
1.41832
break
-1.24722
0.166499
1.50288
1.68511
-1.31467
-0.632259
-1.12483
0.706767
3.29395
-0.128177
-1.22883
0.647485
1.03585
-0.0454868
-2.50895
-1.51447
-1.12114
1.46987
-2.86049
0.261109
2.05
0.492057
1.55721
-1.05701
2.46591
1.2593
0.575799
1.32653
-1.14652
0.0935631
2.36188
0.939212
-0.312149
-0.861992
2.80653
-0.298057
-0.943422
0.116783
1.15223
1.0539
1.48258
-1.3434
-3.67181
-0.406692
-0.370618
0.539087
2.22489
-4.0495
2.73614
0.18094
-3.20995
-2.31867
0.789418
-0.241941
-1.14653
-1.73322
0.263922
0.0680846
-1.05975
2.72598
-1.37435
1.25092
0.188401
-1.54472
1.86036
break
-1.2921
0.0579349
1.48397
1.58594
-1.26203
-0.746137
-1.15569
0.481185
3.36113
-0.255821
-1.50699
0.585791
1.09969
0.0264592
-2.65517
-1.36098
-1.13207
1.44258
-2.84767
0.162431
2.10648
0.61405
1.57422
-1.07037
2.35405
1.51555
0.498966
1.47156
-1.06349
0.184931
2.24948
1.03179
-0.117037
-0.763863
2.77416
-0.35568
-1.04687
0.0895618
1.14466
0.969958
1.37965
-1.35026
-3.68601
-0.122314
-0.315898
0.564261
2.11541
-4.04047
2.74521
-0.0280717
-3.24283
-2.19766
0.846065
-0.334285
-1.11367
-1.81424
0.166714
0.140001
-1.19643
2.85912
-1.39628
1.3482
0.0559868
-1.58383
1.70008
break
-0.558274
0.516661
1.44415
2.23257
-1.16672
-1.08458
-1.35814
0.346028
2.39772
-0.56321
-1.51223
0.994352
0.830433
0.376032
-1.85421
-1.87823
-1.07032
1.20237
-2.30676
0.044628
2.42537
-0.194529
1.9999
-1.39544
3.45467
1.35482
0.969942
1.66933
-1.30811
-0.749422
1.60404
-0.0647582
-0.639308
-1.64405
2.0508
-0.204221
-1.38317
0.420019
1.93535
0.974196
0.952049
-1.76735
-3.06289
0.0724611
0.451037
-0.0597322
1.98676
-3.44691
1.86612
0.0512755
-2.70371
-2.04298
0.824543
0.162645
-1.44014
-2.08955
0.745756
0.0502308
-0.654443
3.09998
-0.673473
0.697099
0.5214
-1.10492
1.30939
break
-1.22029
-0.0534349
1.77819
1.8007
-1.20725
-0.892064
-1.45071
0.984737
2.99253
-0.312789
-1.66013
0.722431
1.25219
0.0385939
-2.45575
-1.30969
-1.00833
1.34197
-2.93935
0.580571
2.06472
0.042371
1.9739
-1.22306
2.7358
1.37456
0.917051
1.3355
-1.48064
0.150673
2.30362
0.288499
-0.259501
-0.467421
2.51483
-0.454294
-1.42512
0.0875903
1.09874
1.58715
1.78614
-1.47721
-3.44365
-0.319971
0.270409
0.620206
2.23466
-4.19177
2.10309
-0.256598
-3.22455
-2.31637
0.893218
-0.0237009
-1.19991
-1.99729
0.362159
-0.118001
-0.961551
2.54639
-0.992348
0.866512
0.0286049
-1.25465
2.50799
break
